                my_rank                   Time                N_steps             N_real_loc            Total                  PP_single              PP_cluster             PP_cross               Tree_NB                Tree_Force             Force_corr             Kick                   FindCluster            CreateGroup            MPI_comm               Output                 Status                 Other              Bar_Total              Bar_PP_single          Bar_PP_cluster         Bar_PP_cross           Bar_Tree_NB            Bar_Tree_Force         Bar_Force_corr         Bar_Kick               Bar_FindCluster        Bar_CreateGroup        Bar_MPI_comm           Bar_Output             Bar_Status             Bar_Other                  Sample_ptcl            Domain_deco            Ex_ptcl                SetRootCell            Make_LT                Make_LET               Make_GT                Make_Group             Make_I_list            Calc_force             Write_back             Sample_ptcl            Domain_deco            Ex_ptcl                SetRootCell            Make_LT                Make_LET               Make_GT                Make_Group             Make_I_list            Calc_force             Write_back             PP_single              PP_cluster             PP_cross               Cluster                Cross                  AR_step_sum            AR_tsyn_sum            Stab_Ngroup            Iso_Ngroup             Form_Ngroup            End_Ngroup             Modf_Ngroup            Merg_Ngroup            H4_step_sum            H4_no_NB               Ep-Ep_sum              Ep-Sp_sum  
                      0                    0.5                   2048                   1000      0.002051165244628    2.9404833479685e-05    9.6783453130023e-05                      0    0.00040197737108993     0.0013820119336017    3.3289868657249e-05    1.9410087895189e-05    4.4812892572743e-05    2.9260118158181e-05     2.712525870141e-06    3.7736215818818e-06    3.7573242295252e-09    5.9686738307363e-06     3.519579383493e-08    4.0534662293368e-08    5.1479486451456e-08                      0   -1.3527453136319e-05   -3.2937277806511e-05      5.81518384557e-08    3.4943826943135e-08    7.4147441964101e-08    2.4477549320778e-08    3.2959959650469e-08    2.2070301142207e-10    1.9531043449206e-11    1.0109032100303e-07                      0                      0                      0    1.2311535629639e-05    0.00027494629052338    4.7363679189782e-05    0.00020802999318414    3.6548530326641e-06    4.6314465828701e-05    0.00070088378613642    6.8253717276257e-05                      0                      0                      0    1.5154310057941e-05    0.00013998781934088    2.0457814944752e-05    9.7897202150588e-05    4.3034423802268e-07    1.5472674796957e-05    9.0377978521961e-05    2.7608210946273e-05        971.73291015625         28.26708984375                      0                13.4375                      0          0.47900390625            0.173828125                      0                      0          0.02197265625           0.0048828125                      0                      0        136.24755859375            1.189453125        970383.87158203         3533.595703125
                      0                      1                   2048                   1000     0.0029103994814528    3.2569402841354e-05    0.00013282085010546                      0     0.0005169323417924     0.0019834194545902      6.08118237162e-05    4.1163573243352e-05    8.3489447263219e-05    3.7026720706379e-05    6.4422553753829e-06    4.5141083986344e-06    3.3706055724281e-09    8.2022690448547e-06    3.7122569462866e-08    3.9746596680601e-08    5.3787582832143e-08                      0   -1.2377954110576e-05    -7.446797119437e-05     6.146971864851e-08    3.7735843338993e-08    7.0819821562651e-08    2.3415036576324e-08    6.4081052908449e-08    1.9580026489052e-10    1.9531487538416e-11    1.2179003983093e-07                      0                      0                      0     3.728552294513e-05    0.00044690523241275    4.8529234359496e-05    0.00037898680812543    2.9258535114707e-06    6.8890265609856e-05    0.00086258586767407    0.00015096385839364                      0                      0                      0    1.3710720708549e-05    0.00016801153125012    3.3917829582286e-05    0.00015070641308101    6.1857080169148e-07    2.0227830563879e-05    0.00010278627588622    2.5473674797105e-05         965.0146484375          34.9853515625                      0         16.69970703125                      0           0.4423828125           0.1513671875                      0                      0          0.01611328125           0.0029296875                      0                      0         162.1396484375          0.02099609375        941230.71337891        8575.0297851562
                      0                    1.5                   2048                   1000     0.0033128257348607    7.1149789540481e-05    0.00012298988720572                      0    0.00059314230176577     0.0021668559960903    9.5038015626603e-05     8.161206347479e-05    8.7372890624771e-05    6.4597593742555e-05    5.2011870095292e-06    5.3546982421437e-06    2.8618161174165e-09    1.7096262688643e-05    3.6603521547107e-08     4.055859248453e-08    7.0458006540264e-08                      0   -1.5322773434523e-05   -0.00011110154395011    6.6274914889419e-08    1.3141650256898e-07    8.1926276873645e-08    8.6441898083933e-08    3.3888676309601e-08    2.4414070765033e-10    1.4648726676114e-11    1.4861231178998e-07                      0                      0                      0    5.8680967769398e-05     0.0004886168725724    6.3694288563898e-05    0.00037686654786073    4.2692167960823e-06    7.7022587893882e-05     0.0009037899848674    0.00022578167089016                      0                      0                      0    3.8008378423271e-05    0.00021641165428532     3.374493603614e-05    0.00015259387647282    6.7758836896914e-07    2.5977621584072e-05     9.295319872793e-05    3.1201185067609e-05         968.8310546875          31.1689453125                      0         14.88037109375                      0           0.3427734375          0.11767578125                      0                      0          0.01806640625          0.00634765625                      0                      0          156.880859375           0.0185546875          926159.203125        13013.969726562
                      0                      2                   2048                   1000     0.0019547793881838    2.2019725575806e-05    0.00010259809716429                      0    0.00038708035741308     0.0013007108300833    2.6449479491486e-05    1.5954583010735e-05    4.3335061040928e-05    3.7599040046299e-05    5.6230761695808e-06    3.5032958987102e-06      3.61523433412e-09    7.8767143487646e-06     5.963915938878e-08    3.6579126838632e-08    4.8277338127178e-08                      0   -4.2648686515712e-06   -3.7730559079296e-05    5.5816897326366e-08    3.5044912749527e-08    6.6314455704486e-08    2.4349606775331e-08    3.2385734982654e-08    2.5927704427886e-10    1.9531043449206e-11    1.0117186199921e-07                      0                      0                      0    1.7807026857941e-05    0.00026370711669665     3.858879099905e-05    0.00022608681397607     3.670458958549e-06    6.9700881349277e-05    0.00057192345067802     7.734412842364e-05                      0                      0                      0    1.1537427235808e-05    0.00012735200047764    3.0987474121336e-05    0.00011723675830888    7.7559764877222e-07    2.0075802736663e-05    4.4672977055793e-05    9.0446835838698e-06         970.5673828125          29.4326171875                      0          14.2099609375                      0          0.54931640625          0.19189453125                      0                      0              0.0234375            0.005859375                      0                      0        145.79736328125                0.03125        917001.76757812            13865.90625
                      0                    2.5                   2048                   1000     0.0019141969292087    2.3654067381695e-05    0.00010280330028944                      0    0.00033559965283247     0.0013238455624855     2.479009128864e-05    1.1197305174182e-05    4.3399294418656e-05    3.0388045902718e-05    1.8140078070772e-06    3.0874848633289e-06    4.7597654706522e-09    1.1081319310158e-05    6.3176760711769e-08    7.3356455576601e-08    6.3558583285328e-08                      0   -6.6017651327854e-06   -3.8866390171144e-05    6.3949708639655e-08    3.4689933148258e-08    6.2322765614908e-08    2.2623043438585e-08    3.2208496758557e-08    1.7578116739969e-10    1.4648726676114e-11    9.6150878370338e-08                      0                      0                      0    2.0800853026692e-05    0.00028210734766665     3.964391405642e-05    0.00022412575146191    3.6503076041861e-06     8.823476074582e-05    0.00058231598390002     7.949562403331e-05                      0                      0                      0    7.1395229430671e-06    0.00011858065576531    2.2110958983745e-05    9.7172487295349e-05    8.0129005386453e-07    2.2005164557193e-05    5.0323394039431e-05    1.3652242676798e-05        973.48095703125         26.51904296875                      0         12.60888671875                      0          0.39111328125              0.1484375                      0                      0          0.02099609375            0.005859375                      0                      0        130.88525390625           0.0224609375        917023.38134766        15052.594238281
                      0                      3                   2048                   1000     0.0020645342954118     3.124318017278e-05    0.00010154640135962                      0    0.00039831110644117     0.0013923769082069    3.1259006821216e-05    1.5142999012063e-05    4.3660696776637e-05    3.3532629389654e-05    4.6613198270151e-06    3.3302236328581e-06    3.2875977495905e-09    7.5059233477504e-06    3.6470699793512e-08    3.8796873269575e-08    4.9872553198327e-08                      0   -6.1999218741171e-06   -4.1408112341212e-05    5.6951179328024e-08    4.2516606679754e-08    6.5020028916507e-08    2.3540533522493e-08    3.2452644127545e-08    3.0810554108029e-10    1.9531487538416e-11    1.0500489100451e-07                      0                      0                      0    1.9001219238479e-05      0.000299402029313    4.1330940918183e-05    0.00023804721336873    3.3859350425658e-06      7.64339853494e-05    0.00062090977197427    8.4925211460085e-05                      0                      0                      0    1.4704964841794e-05    0.00013950574756283    3.0670192868953e-05    0.00012033536573153    7.6022850059587e-07    2.1281639652759e-05    5.8826357423936e-05     1.286552001778e-05            973.9609375             26.0390625                      0          12.4677734375                      0           0.2314453125          0.08056640625                      0                      0            0.013671875          0.00341796875                      0                      0         129.6962890625          0.01708984375        912414.48779297        15647.559570312
                      0                    3.5                   2048                   1000     0.0027489098144629    4.1776696785512e-05    0.00011041855810623                      0    0.00052889101074349     0.0018101178837902     7.691524314124e-05    5.9674263674037e-05    6.0735000484868e-05    4.2485701651884e-05    2.6552797756096e-06    6.2475839843756e-06    4.0654297706055e-09    6.9638286128715e-06    3.5076651361265e-08    3.8846204475362e-08    9.4393545424509e-08                      0   -8.2777949184099e-06   -7.2806462419805e-05    5.9404289043385e-08    3.7749511516694e-08    6.4574221081415e-08    2.3345708033418e-08    3.2471191069305e-08    4.1113290549788e-10    2.0019541580041e-11     1.012480312923e-07                      0                      0                      0    2.9836760727875e-05    0.00042720813136121    5.6461073223435e-05    0.00031859255467515    3.1826752922015e-06    9.5961967763625e-05     0.0007440938071448    0.00014746839796542                      0                      0                      0     1.972998046762e-05    0.00017302262011087    2.6951452634094e-05    0.00019697448926648    7.2264891581852e-07    4.1570489256681e-05    5.8807231444469e-05    1.7055187986781e-05        977.52783203125         22.47216796875                      0          10.8173828125                      0           0.2041015625          0.07666015625                      0                      0           0.0068359375            0.001953125                      0                      0        109.49755859375          0.00537109375        907271.83886719        16334.550292969
                      0                      4                   2048                   1000     0.0021968661406313    3.0702312505682e-05    0.00010267478270443                      0     0.0003964904487388     0.0015142427978576    3.3133132333329e-05    2.3769435058441e-05    5.0588214844272e-05    3.0087606946338e-05    1.7665844693759e-06    4.9686191410103e-06    3.3315430414405e-09    6.4628735305661e-06    3.5427733635629e-08     3.851610763661e-08    4.9446774230688e-08                      0   -1.0503625466285e-05   -4.3697683057342e-05    5.7723149371469e-08    3.6111794887717e-08    6.2546386736528e-08    2.3166494056426e-08    3.2203129940456e-08    2.0605428474596e-10    1.9531043449206e-11    1.0783498405331e-07                      0                      0                      0    1.5524432616321e-05    0.00030451398973552    4.9083810049755e-05    0.00023477917088632     3.209990739883e-06    6.7807805183673e-05    0.00074756925436548    8.9341686024369e-05                      0                      0                      0    1.2171784178339e-05    0.00016257498339423    1.9995856447519e-05    9.3291637695891e-05    6.3059180543945e-07    1.5769126952669e-05    7.2592155767826e-05    2.1477222157174e-05         974.8466796875          25.1533203125                      0           12.150390625                      0          0.50634765625           0.1806640625                      0                      0           0.0205078125          0.00537109375                      0                      0        120.57080078125            0.017578125        909979.71630859        15242.006835938
                      0                    4.5                   2048                   1000     0.0030951468232305    5.2615183107285e-05    0.00010509210791243                      0    0.00048739778076268     0.0021573064897447    9.7619843751673e-05     6.839298582495e-05    7.2627804686309e-05    3.3835743644683e-05    4.2802812476594e-06    4.2511782227805e-06    4.0263672396179e-09    9.3967270502482e-06    3.6416497817271e-08    4.1342293144453e-08    5.0222656255983e-08                      0   -2.6321522941242e-05    -0.0001175433149343    6.4424788615014e-08    3.9785147620819e-08    6.7936507974764e-08    2.4295903067184e-08     3.251172797647e-08    8.8525409225326e-10    4.8828496801434e-11    1.2430959595022e-07                      0                      0                      0    3.4508285151613e-05    0.00044661035937565    5.1298125008703e-05    0.00030512333739896    3.4656332976724e-06    7.4878567864367e-05     0.0010450218921023    0.00023719429052749                      0                      0                      0    1.4441816391653e-05    0.00017869209472554     2.264151463871e-05    0.00011757816113178    7.4099266988981e-07    1.4627118649191e-05    0.00010199460742699    5.3207327637583e-05         977.6142578125          22.3857421875                      0          10.7431640625                      0           0.2607421875          0.08642578125                      0                      0          0.00537109375          0.00146484375                      0                      0        110.17431640625           0.0068359375        903660.30908203        14537.418945312
                      0                      5                   2048                   1000     0.0033976401855433    4.7592077151659e-05    0.00010823193359455                      0    0.00057727419141651     0.0023640233178757    9.2047723632582e-05    4.8218374995024e-05    8.1434977524442e-05    5.4604539068581e-05    7.3739311416965e-06    3.8194111331435e-06    3.1992186677599e-09    1.0828453114176e-05    3.6269032221981e-08    4.3101092028763e-08    7.0261719997688e-08                      0   -1.5689461421609e-05   -0.00011538325586447    6.5669918392075e-08    3.8678213520882e-08    7.1009280677714e-08    2.5233388711854e-08    5.8977061012655e-08    2.0605472883517e-10    1.9531487538416e-11     1.298173666342e-07                      0                      0                      0    6.2488879873701e-05    0.00050830321289386    6.1450394541307e-05    0.00035821904688627    4.4416572215766e-06    0.00010401990919817     0.0011145568379032    0.00023449499024641                      0                      0                      0    2.7637851078843e-05    0.00022036306738693    4.0342452634956e-05    0.00013184692431523     6.555415161813e-07    2.1896589846193e-05    0.00012027669238179    3.1954582520033e-05        977.77880859375         22.22119140625                      0         10.80419921875                      0           0.2138671875             0.08203125                      0                      0           0.0107421875           0.0029296875                      0                      0         105.5322265625            0.013671875        904277.31542969        14499.228027344
                      0                    5.5                   2048                   1000      0.004126061410644    8.5763062994904e-05    0.00012270472265463                      0    0.00072705632325576     0.0027602619277256    0.00014300823730107    8.2079728514817e-05    9.9296206541588e-05    5.4833415530808e-05    1.3905796881986e-05    5.9345185543513e-06    3.4638674151211e-09    2.8758867175682e-05    3.7701649802102e-08    4.4460921611034e-08    5.3968263635795e-08                      0   -2.0168731901915e-05   -0.00016612212160894    7.5666022336662e-08    8.0209467068215e-08    7.5841798619081e-08    2.6749503057033e-08    5.3313947923073e-08    2.1484414247652e-10    1.9531043449206e-11    1.3763914763487e-07                      0                      0                      0    5.7509405760214e-05    0.00063923064063731    7.8777104501437e-05    0.00046240858055491     4.250703619757e-06     9.854580565527e-05     0.0011979803623103    0.00033526800636263                      0                      0                      0    4.0659709461099e-05    0.00029080389550851    3.3723670904262e-05    0.00019958866894765    7.0885841063628e-07    2.0719392575863e-05    0.00011998146289338    4.0981616697522e-05        976.05126953125         23.94873046875                      0         11.30126953125                      0          0.35205078125          0.12646484375                      0                      0          0.01708984375             0.00390625                      0                      0        117.38720703125           0.0146484375        901424.59716797        14562.457519531
                      0                      6                   2048                   1000     0.0050173568964884     0.0001260130834897    0.00011990567529452                      0    0.00095847269042837     0.0031254716445281    0.00022118384228964    0.00016658984619244    0.00014036149560415    9.8110577142485e-05    1.9904898438394e-05    3.3282275389013e-06    3.9770511328641e-09    3.4910952150025e-05    3.7715342848799e-08    5.0139649765413e-08    6.2469247996688e-08                      0   -1.6841515127819e-05   -0.00018571573385495     8.513476057459e-08      5.18881932976e-08    7.0133298724073e-08    2.5440431095092e-08    3.5028330458431e-08    1.8115242639283e-10    1.4648282586904e-11    1.3059176984243e-07                      0                      0                      0     5.901164695743e-05    0.00090998319044511     0.0001057792998056    0.00054533891015884    5.8724277489652e-06    0.00011418601904456      0.001119493323726    0.00037360823093602                      0                      0                      0    4.8553096197335e-05    0.00045745669579977    7.0731437982641e-05    0.00023911362304219    6.2089843533286e-07    2.7925779293003e-05    0.00010607959715125    3.4329291013879e-05        978.87353515625         21.12646484375                      0         10.18017578125                      0          0.55224609375             0.19140625                      0                      0            0.017578125          0.00439453125                      0                      0         105.3564453125              0.0234375        894315.93603516        15970.596191406
                      0                    6.5                   2048                   1000     0.0047353143725481    0.00012477785400344    0.00012168984424177                      0    0.00087831494922508     0.0030404920532159    0.00021116341260452    0.00016363260839203    0.00010541567430744    5.5740623047917e-05    6.3505830216748e-06    3.7439433593356e-06      4.73095695952e-09    2.1989599600314e-05    3.7184570089721e-08    4.4202145499384e-08    5.1705561610049e-08                      0   -1.7520502449742e-05   -0.00023355451611229    1.0140037653983e-07    4.5461910680444e-08    6.4561537893582e-08    2.5592286956311e-08    3.3835446444641e-08    2.8369129267958e-10    2.0019541580041e-11    1.2712645425239e-07                      0                      0                      0    8.0560341309432e-05    0.00085380408593494    8.0008588860814e-05    0.00047999261377285    4.9823779195712e-06    0.00011210446971388     0.0011490915317527    0.00046933419873074                      0                      0                      0    3.4661482900766e-05    0.00036861022607404    4.8384979975502e-05    0.00029098543848827    6.5592382947344e-07    2.9444828607339e-05    9.8372644047107e-05    3.5512646492819e-05        976.47802734375         23.52197265625                      0         11.21533203125                      0          0.28466796875            0.095703125                      0                      0          0.00830078125          0.00146484375                      0                      0        109.38232421875           0.0107421875        896167.83789062        14713.626953125
                      0                      7                   2048                   1000     0.0025712619794969    4.1725363296052e-05    0.00010163796093865                      0    0.00048373281738234     0.0017191972573181    7.8844306646619e-05    3.1400093272183e-05    5.8113221191647e-05    3.7293332034949e-05    4.4997739210295e-06    3.6447636722059e-06    5.6699218653478e-09    9.1318876966895e-06    3.6229480304684e-08    3.9754877612097e-08    6.4393062881862e-08                      0   -9.0472485352322e-06   -8.0833884286147e-05    6.1779289683983e-08    3.7921868312196e-08    1.0245947112963e-07    2.3048829511652e-08    4.2876960204552e-08     3.422848671164e-10    1.9531487538416e-11    1.4737596831793e-07                      0                      0                      0    2.7995343268028e-05    0.00040643524804906    5.2537645984341e-05    0.00028516274509993    4.5834501962716e-06    7.0257921393591e-05    0.00073914845702694    0.00016351078369947                      0                      0                      0    2.0286154300386e-05    0.00019672493554745    2.2104573730974e-05    0.00013636343993273    6.7919677793071e-07    2.5668909657828e-05    6.6893074705199e-05    1.8560780770116e-05        975.05517578125         24.94482421875                      0         11.66162109375                      0            0.607421875          0.21435546875                      0                      0          0.02197265625          0.00537109375                      0                      0        120.39306640625             0.02734375        895952.29492188        14161.607910156
                      0                    7.5                   2048                   1000     0.0079654512612364    0.00016943721923512    0.00015350384374191                      0     0.0018206736469799     0.0048940487851592    0.00028981115917892      0.000260352007321    0.00019953759862457    9.5449897456579e-05    4.1936355477112e-05    3.4356850586725e-06    4.2649414222495e-08    3.4520447249609e-05    3.7982898160038e-08    4.6719731194855e-08    5.6213369514779e-08                      0   -4.1454477528902e-05    -0.0002473433041903    2.4195234438196e-06    6.5123052284122e-08     2.473847664497e-07    4.1726570643164e-08    4.3659182935585e-08     1.904294499866e-10    3.9062530987621e-11    2.2590137715994e-07                      0                      0                      0    0.00012124788526524     0.0015947900136828    0.00011885554589153     0.0014873198583882    9.9952602674591e-06    0.00013001837988869     0.0011063100707904    0.00049731066259051                      0                      0                      0    5.2246494131492e-05    0.00084568177538857    0.00012975647119395    0.00053056620458536    7.2296435327246e-07    7.9098848146941e-05    0.00014704934179388    8.3997777343914e-05         977.9111328125          22.0888671875                      0         10.52880859375                      0          0.27880859375            0.103515625                      0                      0            0.013671875          0.00341796875                      0                      0        103.65576171875           0.0166015625        889613.92675781        15318.843261719
                      0                      8                   2048                   1000     0.0028581109829213    3.6402026346138e-05    0.00012024204345362                      0    0.00049680336865343     0.0019465856040068    8.3319174801311e-05     5.440635987064e-05    6.4693883767397e-05     3.499478759128e-05    3.8669697142169e-06    4.1231049809909e-06    4.6625983074478e-09    1.0314360335606e-05    4.9397478996127e-08    3.8769039534259e-08    5.2198243061241e-08                      0   -9.7630635007562e-06   -9.6428734907672e-05    6.1996101585748e-08    5.0651857819162e-08    5.9372576188821e-08    2.3521472769517e-08    3.3017077072373e-08    2.6416024923037e-10     1.513633662853e-11    1.1148732603772e-07                      0                      0                      0    3.1569730956971e-05    0.00043138597705772     4.624888769289e-05    0.00033590415870277    4.3525932444943e-06    7.8800870613627e-05    0.00086954739549006    0.00019485946879838                      0                      0                      0     1.858405711852e-05    0.00017648267676584    3.2833758783823e-05    0.00014646273242924    5.9910693073206e-07    1.7333393073304e-05    8.7914718750692e-05    2.0050647469017e-05        968.93701171875         31.06298828125                      0         14.48486328125                      0            0.443359375           0.1591796875                      0                      0            0.021484375            0.005859375                      0                      0        150.56689453125          0.03662109375         884155.3984375        15650.065429688
                      0                    8.5                   2048                   1000     0.0016693024931618    1.8563682642636e-05     7.938708885824e-05                      0    0.00027256381250496     0.0012041517675812    1.4709748494823e-05    9.7115327140074e-06    3.1318125950364e-05    2.6987608404916e-05    1.5546645393272e-06    4.2170043936807e-06    3.7866216828775e-09    4.1876391154716e-06    3.4941913362729e-08    3.6823731619506e-08    4.8211920677943e-08                      0   -2.8003940251153e-06   -1.5850550314056e-05    8.0281765235668e-08    3.4212922273014e-08     5.189307739073e-08     2.148976019356e-08     3.202489029519e-08    2.5439472750577e-10    2.9296565173809e-11    1.0062402022726e-07                      0                      0                      0    9.2060190182153e-06    0.00021657277244014    3.0038875962646e-05      0.000178701604999    2.9925038882439e-06    5.2204128416555e-05    0.00065019291845392    3.3310732437286e-05                      0                      0                      0    5.8785024208419e-06    9.1906426269439e-05    1.6936229479292e-05    7.0362042494665e-05     5.748564309016e-07    2.4014182593568e-05    4.7071198259196e-05    6.0484579984532e-06        974.39306640625         25.60693359375                      0         12.02001953125                      0           0.7255859375            0.248046875                      0                      0          0.02294921875          0.00537109375                      0                      0         126.4208984375             0.01953125        874837.23144531        18047.896484375
                      0                      9                   2048                   1000     0.0021294240864655    2.4432108904016e-05      9.33266806733e-05                      0    0.00036745733350507     0.0015002377148363    3.8983414536453e-05    2.3404959944351e-05    3.9417625998794e-05    2.6536128912902e-05    2.6904286780649e-06    4.1390122067497e-06    4.9902348919773e-09    6.8183745272066e-06    3.5402369036319e-08    3.8352046871637e-08    5.0376939064734e-08                      0   -5.6735678466424e-06    -3.493081199224e-05    5.7784638407554e-08    3.6075673115477e-08    5.9150401021668e-08    2.3659673331622e-08     3.286284577797e-08    2.6855584422947e-10    1.9531931627625e-11    1.0684179940768e-07                      0                      0                      0    3.5505484362375e-05    0.00036869409765838    4.4829447283234e-05     0.0002386161850314    3.8460751925484e-06    5.9786690482788e-05    0.00067472317721329    7.1611790055215e-05                      0                      0                      0    9.3074116094272e-06    0.00013962611423324    2.5882818371237e-05    0.00010199040527503    8.3435497977291e-07    1.5921799318974e-05     5.650470213947e-05    1.1874183595495e-05         972.7236328125          27.2763671875                      0         13.13037109375                      0          0.70361328125           0.2666015625                      0                      0          0.02783203125          0.00830078125                      0                      0        127.19970703125             0.02734375        882349.79199219        17048.212402344
                      0                    9.5                   2048                   1000     0.0021297999087047    3.2412750972988e-05    9.3495463863391e-05                      0     0.0003833603271417     0.0014509233325208    5.7580839856186e-05    3.0773883784363e-05    4.2888917477057e-05    2.3894389636681e-05    2.2258749998727e-06    4.7727973626621e-06    4.5937502690663e-09    5.6259653460344e-06    5.0897468462097e-08    3.8525373113885e-08    4.8830082199913e-08                      0   -4.3174077006825e-06   -6.0379156817447e-05    6.4678189914957e-08    3.5859407887529e-08    5.7196764657874e-08    2.2405752808652e-08    4.4370634277868e-08    2.0996182570343e-10    2.4902746531552e-11    1.6210403952499e-07                      0                      0                      0     1.849303026713e-05    0.00030710195411565    4.1783817847474e-05    0.00026294513187164    3.2747768781149e-06    5.5103243154164e-05    0.00064630129149457    0.00012256224075191                      0                      0                      0    9.2525991446379e-06    0.00013675964939797    4.9345791522271e-05    0.00010568142431033    5.2477195833234e-07    1.8109768067376e-05    4.9602498032542e-05    9.0490649098385e-06         971.7802734375          28.2197265625                      0          13.1064453125                      0              0.4140625          0.13427734375                      0                      0          0.01806640625             0.00390625                      0                      0        138.90478515625           0.0400390625        908581.98193359         12878.57421875
                      0                     10                   2048                   1000     0.0029661235722207    4.2357211422761e-05    0.00011844249999005                      0    0.00062128770020564     0.0019375026626163    6.6159657698073e-05    3.1959801287229e-05    8.8732415013837e-05     3.472279394412e-05    5.4679179459782e-06    5.6064985347604e-06    3.0571287723546e-09    1.1946686991671e-05    3.5745599369363e-08    3.9872560364529e-08    8.6518574526906e-08                      0   -1.3831419408916e-05   -8.8859919447515e-05    6.1217734881325e-08    3.7788573159503e-08    6.4346179939889e-08    2.3090319878349e-08    1.1293466819495e-06    2.3925839087724e-10    1.4648726676114e-11    2.6754837456622e-07                      0                      0                      0    3.5042338860869e-05    0.00045774510397578    5.1450866688008e-05    0.00038468346630527     3.946306174285e-06    9.2337039552248e-05    0.00076384037600974    0.00017966365382094                      0                      0                      0    1.8284536603907e-05    0.00018226029689394     3.080798338928e-05    0.00024047932813609    5.5313623192887e-07    3.3189831548874e-05    9.9249399394097e-05    2.8110470702281e-05         967.9013671875          32.0986328125                      0          14.3193359375                      0          0.72607421875           0.2568359375                      0                      0                0.03125           0.0087890625                      0                      0         163.6044921875          0.07666015625           934249.34375        8305.9438476562
                      0                   10.5                   2048                   1000     0.0026396486674845    3.2503362294989e-05    0.00011804482229394                      0    0.00047477370360482     0.0017630870327192    6.5541993655494e-05    4.3357536124056e-05    8.6196496114965e-05    3.9358614260188e-05    2.7879985333712e-06    4.1089155269347e-06     5.567382999061e-09    7.4667670730832e-06    3.5898430894576e-08    4.6341305015574e-08    5.3167013014388e-08                      0   -1.0809823768554e-05   -8.0938615213633e-05    6.0265132439952e-08    4.8301749266955e-08    6.5239221136437e-08    2.3137690874364e-08    3.2808101124715e-08    3.3251978948101e-10    1.9531043449206e-11    1.0440284636815e-07                      0                      0                      0    2.6804657696999e-05    0.00041357339694414    4.4983566912293e-05    0.00029594968215285     6.292897479554e-06    9.6000913083039e-05    0.00073569403078366    0.00016384147117954                      0                      0                      0    1.4227639159259e-05     0.0001883201323416    3.6711459465266e-05    0.00013251483739829    6.5176070496165e-07    2.0113378418785e-05    6.4487595186513e-05    2.2101164573129e-05        972.21435546875         27.78564453125                      0         11.72509765625                      0          1.44384765625          0.50048828125                      0                      0           0.0439453125          0.01025390625                      0                      0         145.9013671875                  0.125           917275.46875        10270.212402344
                      0                     11                   2048                   1000      0.002875327304702    4.4048047348255e-05    0.00011887677586131                      0    0.00053841928466358     0.0019203866391795    7.3248962877415e-05    4.4319996587383e-05    6.2926284169151e-05    4.9472488770519e-05    4.0405117172071e-06    5.3932207038088e-06     6.731933233084e-09    1.2077029303725e-05    3.6645008805181e-08    4.0442371229688e-08    5.4143566963205e-08                      0   -1.0557776868758e-05   -7.2368197287176e-05    7.0700190590856e-08    3.8122547785235e-08    6.8228493077527e-08    2.5035655326633e-08    3.3124003984142e-08    2.0068391393124e-10    1.4648726676114e-11    1.3883347360633e-07                      0                      0                      0    3.5257476527661e-05    0.00042961344388637    6.9166589801384e-05    0.00034370411668494    5.4228056507455e-06    9.0998376922613e-05     0.0008206056338107     0.0001469657392752                      0                      0                      0    1.4358545413096e-05    0.00023301179787172    4.5821678688718e-05    0.00014508939404934    5.9232909066509e-07    2.8093179198052e-05    5.1371454588889e-05    2.1582218249883e-05         970.4833984375          29.5166015625                      0         13.00732421875                      0          1.05419921875           0.3681640625                      0                      0            0.037109375          0.00830078125                      0                      0         151.3505859375            0.087890625        896222.65771484        13911.822753906
                      0                   11.5                   2048                   1000     0.0027056738222528    4.1104396491853e-05     0.0001068167353564                      0    0.00043597664697437      0.001904899199241    6.7477778287639e-05     3.509614012831e-05    5.8917168943573e-05    3.5353640617686e-05    2.8233554445478e-06    6.4240170907226e-06    3.7519534146213e-09    8.7880791053152e-06    3.6057614671847e-08    3.8686507330965e-08    4.9547344893597e-08                      0   -5.6069741205533e-06   -7.7427207032521e-05    7.4643527803175e-08    8.0660142565137e-08    6.4788076237221e-08    2.2340813643495e-08    3.2568874708261e-08    1.6113244072358e-10    1.9531043449206e-11    1.6366941935075e-07                      0                      0                      0    1.9977576203978e-05    0.00034794442772768    4.9333892553349e-05    0.00027624774804114    2.6844394698244e-06    7.3598874516634e-05    0.00099059170314586    0.00015664323486408                      0                      0                      0    1.3531660655097e-05    0.00015989359522361    2.3097468259792e-05    0.00013744072754296    5.5171141966071e-07    2.2144401371271e-05    6.3236708001568e-05    1.1925330064777e-05          968.865234375           31.134765625                      0           13.552734375                      0          0.57568359375          0.20068359375                      0                      0          0.02294921875           0.0068359375                      0                      0        156.41650390625          0.08642578125            887179.3125        15191.075683594
                      0                     12                   2048                   1000     0.0034020809042774    4.6302386726538e-05    0.00012106450000893                      0    0.00054807752293851     0.0023972905039225    8.5530357434749e-05    4.1501158232649e-05    9.4441527341615e-05    4.6133881840049e-05    3.4468530429876e-06    4.5278798834758e-06    3.4389646685895e-09    1.1556170889548e-05    3.6987289675494e-08    4.0183595118037e-08    7.2026868913611e-08                      0   -1.8535466812963e-05    -0.0001091665043349    7.6771002888165e-08    3.8427715232103e-08    8.9587395279977e-08    2.4917972574201e-08    3.2671400695961e-08    1.9580159715815e-10    1.9531043449206e-11    1.3064944681673e-07                      0                      0                      0    5.4676426292311e-05    0.00057822646041306     5.377263867512e-05    0.00035876880809838    3.2428022480602e-06     8.610560886968e-05     0.0011097564282361    0.00022037221871329                      0                      0                      0    4.1669187943683e-05    0.00023400968995446    2.3657564440782e-05     0.0001307694711965    5.8614255049605e-07    1.6783128914177e-05    9.2114628415629e-05    3.7649372069737e-05        970.57861328125         29.42138671875                      0          12.4189453125                      0             0.30859375               0.109375                      0                      0          0.00732421875            0.001953125                      0                      0        151.16357421875           0.0830078125        871707.46435547        20350.498535156
                      0                   12.5                   2048                   1000     0.0029354380278503    3.4698173363878e-05    9.7256039549798e-05                      0    0.00054658568896926     0.0020517738847694    6.5731716789585e-05    3.7205957023723e-05    5.5501534154345e-05    3.2456515133283e-05    1.6632924575433e-06    4.2719082031795e-06    3.4145513083672e-09    6.1257900494383e-06    3.5837412148965e-08    3.9681623320575e-08     4.962598243452e-08                      0   -7.2522612333259e-06   -8.2605292486271e-05    7.0302733412575e-08    4.9568845028602e-08    1.6207080033581e-07    3.8496568599555e-08    3.2321294973769e-08    1.9580070897973e-10    1.9531043449206e-11     1.707895913583e-07                      0                      0                      0     2.689635054498e-05    0.00038209649904797    5.3947080090211e-05    0.00025918521629897    3.1780517426583e-06    8.1708340342601e-05     0.0011076739926787    0.00016738665673444                      0                      0                      0    1.0090001472562e-05    0.00027293536083839    2.5485011720505e-05    0.00012493183595197    6.0362936427083e-07    2.3731961904971e-05    6.5435938488179e-05    1.5379043438735e-05        977.01318359375         22.98681640625                      0          9.95361328125                      0            0.755859375           0.2587890625                      0                      0            0.025390625          0.00634765625                      0                      0        122.40478515625          0.04833984375        876841.64550781         17675.52734375
                      0                     13                   2048                   1000     0.0025883624619025    4.1752041033405e-05    0.00010826167431421                      0    0.00044254487549011     0.0017531409081863     7.123755664562e-05    5.8703163554163e-05    6.7092279792291e-05    2.9334878878018e-05    1.9360795544543e-06    5.4151098636268e-06    5.0878909974017e-09    6.6944077445896e-06    3.6045392448614e-08    4.0114254140633e-08    5.0282214836272e-08                      0   -5.8871713957132e-06   -6.0875080977851e-05    1.3042285740283e-07    3.6986813611861e-08    6.5440427299279e-08     2.296485135389e-08    3.2190887289119e-08     2.934577025826e-10    1.9531043449206e-11    1.2226075973842e-07                      0                      0                      0    2.3733892566824e-05    0.00032317643750357    4.4319614763033e-05    0.00025025285157376    3.3789043287769e-06    7.1878732420316e-05    0.00092274114990509    0.00012557714399541                      0                      0                      0    1.8291494164657e-05    0.00016760409570349    2.9864723165574e-05    0.00012266189062693    7.4892723755937e-07    2.4597382341618e-05     6.883953075576e-05    1.2266805174299e-05          971.591796875           28.408203125                      0         11.72607421875                      0          1.53564453125            0.552734375                      0                      0          0.04052734375           0.0107421875                      0                      0        150.95361328125           0.1259765625        882942.64990234        16683.952148438
                      0                   13.5                   2048                   1000     0.0027595426806322     3.154067969291e-05    0.00011516739650652                      0    0.00041484403710079     0.0019539639184654    5.8111692365692e-05    4.3952660630175e-05     7.628601025278e-05    4.1850448713632e-05     3.704738750443e-06    5.3957426757734e-06    8.6933589216187e-09    1.2648289067663e-05    3.5607443216179e-08    3.8706522431653e-08    7.1359873565768e-08                      0   -1.2301242213297e-05   -8.9748305189374e-05    6.2585955085126e-08     3.773583934219e-08    6.6291956812847e-08    2.4229511730312e-08     4.128026898087e-08    2.5439472750577e-10    1.4647838497694e-11    1.4162011563457e-07                      0                      0                      0    2.4900742695344e-05    0.00038922509766337    5.0241385197047e-05    0.00024638349710582    3.3780287909124e-06    7.4170079594538e-05     0.0010139661884514     0.0001814922597827                      0                      0                      0    1.6955537614827e-05    0.00014097855224904    2.6555691887253e-05    0.00010883861475719     5.832651579496e-07    1.8620684085313e-05    8.1701845715543e-05    2.5165644058411e-05        970.35302734375         29.64697265625                      0           12.357421875                      0            3.474609375          1.19677734375                      0                      0          0.08642578125           0.0205078125                      0                      0         156.5478515625           0.1259765625        893837.20898438        15460.740722656
                      0                     14                   2048                   1000     0.0026048603671809    2.5837477050317e-05    0.00011869076172122                      0    0.00041151227488889     0.0018361293589022    5.8777218235662e-05    2.8291562987448e-05    7.1823718270636e-05     3.748592823527e-05    2.9100718137443e-06    3.3279711919576e-06    4.3588865850097e-09    7.9886234933824e-06    3.5831543065967e-08    3.7823725484998e-08    5.1757814034659e-08                      0   -1.4739502944394e-05   -8.3327926754251e-05    8.1008324492871e-08    3.7770042204954e-08    6.9505875721632e-08    2.2814919731218e-08    3.2689937867758e-08    2.2509727415354e-10    1.9531043449206e-11    1.1907371000319e-07                      0                      0                      0    2.6670070814916e-05    0.00037452690236695    4.6913102584867e-05    0.00026248744533675    2.8573324790671e-06    7.0478770500593e-05    0.00090883364992234    0.00016867117238828                      0                      0                      0    2.1539918974689e-05    0.00014433388718871    2.4034816422436e-05    0.00010134756983238    5.5296775069991e-07    2.0224635253641e-05    8.4227979976426e-05    2.9971357908387e-05             972.640625              27.359375                      0            11.46484375                      0          5.76123046875           1.9384765625                      0                      0          0.12353515625          0.02880859375                      0                      0        148.00244140625            0.126953125        927927.12695312        8783.3520507812
                      0                   14.5                   2048                   1000      0.002251911914545    3.7272166046876e-05    0.00012011237553544                      0    0.00039016990086349     0.0015205351660077    4.6382862807448e-05     3.243332179359e-05     5.691283738507e-05    3.0573297867598e-05    2.6018744918588e-06    4.3904951176899e-06    3.7036125277723e-09    8.5058104994928e-06    3.6825652749428e-08    4.0161604708544e-08    6.7284186222594e-08                      0   -8.9521572563811e-06   -5.2660806135307e-05    5.8907713373912e-08    3.7727539314858e-08    6.2943835033025e-08    3.1061495597839e-08    3.2642130776139e-08    2.6416024923037e-10    1.4648726676114e-11    2.1712013076325e-07                      0                      0                      0    2.3668115248121e-05    0.00033277234081286    4.4469947775738e-05    0.00025993027977211    3.3484203898482e-06    5.4965563019316e-05    0.00069201602977564     0.0001074812836741                      0                      0                      0    1.2542999026977e-05    0.00014812159961597    2.1432695314516e-05    9.7148543948933e-05    4.2384474507884e-07    2.2183854983204e-05    7.2040641605042e-05    1.8406812512417e-05        977.93603515625         22.06396484375                      0           9.9560546875                      0          8.70556640625          2.83251953125                      0                      0          0.23291015625           0.0537109375                      0                      0         124.8291015625            0.201171875        953287.31835938         5327.087890625
                      0                     15                   2048                   1000     0.0025777757929468    2.8574538099235e-05    0.00013226119725829                      0    0.00038458563622701     0.0017693878657106    8.5714841803863e-05    3.8140644059048e-05    8.6652105956375e-05    3.3510453612884e-05    3.3650034074739e-06    4.3419750976881e-06    3.2485347745137e-09    9.0762304472136e-06    3.6610363629563e-08     3.750973398553e-08    7.5207541527789e-08                      0   -1.0153305648686e-05   -9.9993160173284e-05    6.1790067285017e-08    3.7060061686134e-08    6.6371113938146e-08    2.2011693801005e-08    3.2392065030251e-08     3.276365845295e-10    1.4648726676114e-11    1.0529054161879e-07                      0                      0                      0    2.7100425734616e-05    0.00038655344479466    4.4115682639401e-05    0.00027786057420798    2.9201850768601e-06     7.391303710591e-05    0.00079658066357968    0.00020175939405664                      0                      0                      0    1.0311515147521e-05    0.00013111948682454    2.6578065439153e-05    0.00010982805909165    5.0684619434804e-07    1.6673233391273e-05    6.9015323743926e-05     2.075726462003e-05        971.31787109375         28.68212890625                      0          11.1435546875                      0         10.70751953125            3.529296875                      0                      0              0.2265625          0.06396484375                      0                      0        165.75537109375          0.21533203125        941593.85253906        7914.4150390625
                      0                   15.5                   2048                   1000     0.0024588887470527    3.3954104504907e-05    0.00013331714941689                      0    0.00040882643797513     0.0016617533627912    5.8109898875891e-05    4.1503479501159e-05    6.2562664038701e-05     4.076271775677e-05    2.9439584841029e-06    4.4323613286323e-06    4.4423833500673e-09    8.5596122936238e-06    4.4657239683943e-08    3.7529782836998e-08    5.4489731837748e-08                      0   -5.3714277568062e-06   -7.2360431201623e-05    7.5123058884685e-08    3.7083023762818e-08    6.1959458008687e-08     2.346485761251e-08    3.2274431127632e-08     2.934577025826e-10    1.4648726676114e-11    1.1500980612311e-07                      0                      0                      0    2.9046790041676e-05    0.00036131290920149    4.1750735831236e-05    0.00028906933644191    4.8703666841732e-06     9.398972947583e-05    0.00069665171096656    0.00014651437650404                      0                      0                      0    1.6098056137892e-05    0.00015621156202261    2.2424045923231e-05    0.00013492264600146    6.5456835240951e-07    1.7133131859026e-05    4.5774976067392e-05    1.1175873532387e-05        971.59228515625         28.40771484375                      0           11.490234375                      0         12.12744140625          4.13427734375                      0                      0           0.2841796875            0.068359375                      0                      0         163.7080078125          0.15673828125        885172.34472656        18972.473144531
                      0                     16                   2048                   1000     0.0024540056196187    2.8966252440199e-05    0.00014059094334584                      0    0.00035735302489126     0.0016822433989097    7.1742044942091e-05    2.9081579107526e-05    8.1793780260853e-05    3.7775363302295e-05    4.6952822261304e-06    4.3673803711286e-06    4.4521479836135e-09    1.3516042487893e-05    3.5579626356252e-08    3.7882820436153e-08    6.8606488490275e-08                      0   -4.5400131787332e-06   -6.5307002923731e-05    6.0368660292909e-08    3.6507323386559e-08    1.7732230617185e-07    2.3751916877757e-08      3.26806635087e-08    1.6162093885441e-10    2.0019541580041e-11    1.2270165328232e-07                      0                      0                      0    4.4160254359937e-05     0.0004059054706973    5.1694552253956e-05    0.00029263555961645    3.1649716971671e-06    9.6500032687352e-05    0.00067371844632014    0.00013233128906531                      0                      0                      0    1.4929572751399e-05    0.00014457407471991    2.4443722166367e-05    0.00010983083592642    6.7731006669902e-07    1.8361033230718e-05    3.0084328125568e-05    1.1421744614992e-05        970.46826171875         29.53173828125                      0         10.71923828125                      0         10.89501953125           3.6962890625                      0                      0          0.25439453125              0.0546875                      0                      0         171.5205078125          0.25341796875            865135.6875        19430.270996094
                      0                   16.5                   2048                   1000     0.0024957732231474     3.103090086487e-05    0.00011562779832364                      0    0.00043694983595621     0.0016790799877997    7.0543552231683e-05    4.1214666479661e-05    7.2510957071614e-05    2.6422493645484e-05    5.6444252747312e-06    4.7293413087957e-06    6.3500973368491e-09    9.7680849604487e-06    4.2920897058707e-08    3.8146969139063e-08    4.9946291547087e-08                      0   -6.7908945320383e-06   -6.6666906779922e-05    8.2037125537227e-08    3.6845213990944e-08    6.5021963813194e-08    3.5518558760828e-08    4.2040027459223e-08    2.7929569768048e-10    1.9531043449206e-11    1.0783450665741e-07                      0                      0                      0    2.9596414028887e-05    0.00041098446386734     5.487991552755e-05    0.00031577420604201    3.4292197339525e-06    9.0302478517934e-05    0.00064618657323656    0.00013523267872717                      0                      0                      0     2.406931202259e-05    0.00015558941114424     3.449966014557e-05    0.00014512936375422    6.3523825222234e-07    2.0000544917131e-05    4.8991822272804e-05    1.4091022467966e-05        975.24169921875         24.75830078125                      0          8.08447265625                      0          3.69287109375          1.31298828125                      0                      0          0.06201171875          0.01318359375                      0                      0          147.138671875           0.2529296875        870489.32666016        18276.267089844
                      0                     17                   2048                   1000     0.0028710966489367    4.7015636202907e-05    0.00013151892333862                      0    0.00047499983691868     0.0018959603481301    9.9339786139296e-05    7.3886675314938e-05    7.8196752435034e-05    3.8937396504402e-05    5.1007275443382e-06    3.9307797861099e-06    1.7269042196233e-08    2.0237135236911e-05    3.7057604096447e-08    4.1128896732801e-08    6.3630847257912e-08                      0   -9.2228510570891e-06   -9.8738643113272e-05    6.9745618169748e-08    4.0776376053486e-08    8.7092280942613e-08    2.4036125090277e-08    3.3823229550478e-08    1.9091750402822e-10    1.4648726676114e-11    1.1263132382311e-07                      0                      0                      0    3.5377331045083e-05    0.00043354484083746    6.5012327110203e-05    0.00029964504151803    4.0688183782223e-06    7.5488134304358e-05    0.00083099258057029     0.0001994848266671                      0                      0                      0    2.1517882825783e-05    0.00018683636036521     3.766271874639e-05    0.00013207622706268     5.598896350989e-07    1.5556957524865e-05    7.0260630852026e-05    1.8892719226393e-05        974.97021484375         25.02978515625                      0          8.99267578125                      0            7.345703125          2.53271484375                      0                      0          0.13720703125          0.02685546875                      0                      0          152.306640625          0.17529296875        895489.98828125        13139.060058594
                      0                   17.5                   2048                   1000     0.0023619141997369    3.5867042482707e-05    0.00011134561964976                      0    0.00043390164551393     0.0015418477607376    7.2330418947608e-05    3.8042299321361e-05    6.8816021972395e-05     3.500463232875e-05    6.6222460883836e-06    4.5635283214551e-06    6.2622067531493e-09    1.1309479015509e-05    3.4869644949254e-08    3.8696788884351e-08    5.0907239312892e-08                      0    -6.669980494145e-06    -8.421653420676e-05    6.2917982823762e-08    3.6938495817651e-08    6.0161649884094e-08    2.3513690550203e-08    3.3235369123474e-08    2.6416024923037e-10    1.9531931627625e-11    9.3909670262349e-08                      0                      0                      0    2.9986491223433e-05      0.000365961281239    4.9165264170981e-05     0.0002908191513642    7.2707514693349e-06    7.2263551272655e-05    0.00059017694482666    0.00017011433986269                      0                      0                      0     1.067991066428e-05    0.00016941784328672    2.4291546864674e-05    0.00013988126320363    5.1214695595547e-07    2.1115874512923e-05    5.2257867204197e-05    1.3769368675476e-05         971.1669921875          28.8330078125                      0         10.82861328125                      0          1.58740234375           0.5400390625                      0                      0          0.03173828125          0.00927734375                      0                      0            165.7734375              0.1953125        895572.26513672        13770.776855469
                      0                     18                   2048                   1000     0.0018562662499972    1.9871905759139e-05    9.2999562498086e-05                      0    0.00030955339061922     0.0012742863242066    4.1177908678414e-05    1.9174534161337e-05    4.7011731905577e-05    3.9248027832173e-05    1.7183413154598e-06    4.1559702150806e-06    3.8793945833504e-09    5.2099970666575e-06    3.4450671648756e-08    3.6678211579044e-08    4.7349620224679e-08                      0   -3.3518041906433e-06   -5.2066856950361e-05    7.0639643467985e-08    3.5481930282799e-08    7.0327629941858e-08    2.3621096190141e-08    3.2397475813184e-08    2.1044943565585e-10    1.4648726676114e-11    8.9675798342626e-08                      0                      0                      0    1.6830014613056e-05    0.00029334730714758    3.1197695788521e-05    0.00023458778665475    3.8269013709069e-06     6.323360300442e-05    0.00053019116601405    0.00010586078172814                      0                      0                      0    5.4782578216006e-06    0.00012583939210664    2.0754790025279e-05    8.3575835448713e-05     5.921933627917e-07    1.8935894038563e-05    4.0875646000416e-05    7.0680073216423e-06        973.68212890625         26.31787109375                      0          10.3974609375                      0            0.595703125          0.21630859375                      0                      0          0.02490234375          0.00634765625                      0                      0         145.5576171875          0.13916015625        901297.33691406         12202.29296875
                      0                   18.5                   2048                   1000     0.0018674852451248    2.9870164554247e-05    0.00010005354199816                      0    0.00032094675734573      0.001281224253427    3.6276484864928e-05    1.6240682579216e-05    4.3698989254715e-05    2.4522260263282e-05    2.3709111403036e-06    5.1137617180785e-06     5.293457228106e-09    5.2017637139912e-06    3.5365202322168e-08    3.7658667295659e-08    5.0155773756444e-08                      0   -6.0955478291547e-06   -3.9865981460885e-05    5.7167514277978e-08    9.3771018505606e-08      8.54106225745e-08    2.2962414192307e-08     3.269532111716e-08    2.5927704427886e-10    1.4647838497694e-11    9.3823689262251e-08                      0                      0                      0    1.6899771011936e-05    0.00027789830761282     4.241851659792e-05    0.00022398098631093    2.8794721753655e-06    7.1689978979883e-05    0.00055556808494028    8.1567528801507e-05                      0                      0                      0    8.3895058367034e-06    0.00011928760693358    1.7610109371624e-05    9.3059310525057e-05    5.3046094716791e-07    1.9330166982634e-05    4.4699056649833e-05     1.257083202777e-05         972.5732421875          27.4267578125                      0         10.81298828125                      0          1.81201171875          0.62744140625                      0                      0            0.052734375            0.009765625                      0                      0         162.1474609375          0.11669921875        909974.73339844        9257.6459960938
                      0                     19                   2048                   1000     0.0020142428950649    2.9052913083305e-05     9.956951170853e-05                      0    0.00033562591308023     0.0013623203349367     4.709015284643e-05    2.9810070791392e-05    5.6325819826952e-05    3.4561943373035e-05    1.9560302888522e-06    6.5917670895033e-06    3.1796876243106e-09      9.54333352432e-06    3.6086426291604e-08    3.8256330547881e-08    4.8216803882895e-08                      0   -4.3322153393532e-06   -5.3189364339623e-05    5.8307637829103e-08    3.5967793188263e-08    5.7134244890733e-08    2.3070798604863e-08    1.1905953378744e-07    1.9091750402822e-10    1.4647838497694e-11    9.5692384682877e-08                      0                      0                      0    2.1865547348732e-05    0.00030139382078609    4.3103534667743e-05    0.00023625520559545    2.9418061471276e-06    7.6297244109291e-05    0.00057611040772443    0.00010802261967147                      0                      0                      0    6.0634882732558e-06    0.00012904542530023    2.4731696280256e-05    9.7912449200876e-05    5.7095506456051e-07    1.9338905752342e-05    4.2769968749745e-05    9.0868213034057e-06         970.8173828125          29.1826171875                      0            10.90234375                      0            2.458984375           0.8701171875                      0                      0           0.0615234375          0.01611328125                      0                      0           170.46484375          0.19091796875        908466.84521484        9297.6435546875
                      0                   19.5                   2048                   1000     0.0023659980332082    3.3973216318373e-05     0.0001052247383031                      0     0.0004129932656447     0.0015833053847789    7.3389358900222e-05     3.698015135889e-05    6.7005875986403e-05     3.541694726561e-05    2.4600966979094e-06    3.2762514647899e-06    4.3784176284589e-09    9.5890014506494e-06    3.5814445631388e-08    3.7800766072849e-08    4.7417497484048e-08                      0   -7.6985854207123e-06    -9.286197748537e-05    6.1875484291818e-08    3.8011265246496e-08    6.0134786039612e-08    5.2973627262531e-08    4.9749051989068e-08    3.1298785785339e-10    1.9531931627625e-11    1.4417870186634e-07                      0                      0                      0    2.9428300338807e-05    0.00035032958105052     4.043423389799e-05     0.0002900583056773    3.5614292102082e-06    7.8154750504211e-05    0.00064958647266877    0.00018745257616537                      0                      0                      0     1.196075291432e-05    0.00014228202148736     3.080932714461e-05    0.00013957889013305    6.1402783657627e-07     2.027643603153e-05    5.4748177740649e-05    1.5824242190376e-05         970.4541015625          29.5458984375                      0           11.208984375                      0           1.0029296875           0.3544921875                      0                      0          0.02392578125          0.00634765625                      0                      0        171.25634765625          0.15380859375        902419.13476562        10882.539550781
                      0                     20                   2048                   1000     0.0019573244037856    2.2182515635016e-05    0.00010297479983645                      0    0.00032622507275981     0.0013422004628882    4.2794280780356e-05    2.2680653309237e-05    5.5860548331843e-05    2.6231494129725e-05    2.2297578103903e-06    5.2077832028985e-06    3.5419924770963e-09    6.9460580931491e-06    3.4962922335069e-08    3.6427256766558e-08    4.5836441309177e-08                      0   -5.7228310570423e-06   -5.3832915503094e-05    5.6604950948724e-08    3.5110818252804e-08    5.5276368371437e-08    2.0818352375329e-08    3.2101558744557e-08    2.1044943565585e-10    1.9531043449206e-11    1.0474315459419e-07                      0                      0                      0    1.6996485340037e-05     0.0002968588090928     3.405718264915e-05    0.00020655331594277    3.2576206319135e-06    6.5260994650096e-05     0.0006188269272549    0.00010913271141355                      0                      0                      0    6.0097734078113e-06    0.00012355187990121    1.5006239745041e-05    8.8072525866956e-05    5.1142432422324e-07    1.4596182621673e-05    6.2122388672314e-05    1.1813061042254e-05          969.466796875           30.533203125                      0         10.77587890625                      0           1.8466796875          0.63525390625                      0                      0          0.04931640625          0.01220703125                      0                      0        179.26123046875           0.2958984375        898078.41650391          12228.8515625
