                my_rank                   Time                N_steps             N_real_loc            Total                  PP_single              PP_cluster             PP_cross               Tree_NB                Tree_Force             Force_corr             Kick                   FindCluster            CreateGroup            MPI_comm               Output                 Status                 Other              Bar_Total              Bar_PP_single          Bar_PP_cluster         Bar_PP_cross           Bar_Tree_NB            Bar_Tree_Force         Bar_Force_corr         Bar_Kick               Bar_FindCluster        Bar_CreateGroup        Bar_MPI_comm           Bar_Output             Bar_Status             Bar_Other                  Sample_ptcl            Domain_deco            Ex_ptcl                SetRootCell            Make_LT                Make_LET               Make_GT                Make_Group             Make_I_list            Calc_force             Write_back             Sample_ptcl            Domain_deco            Ex_ptcl                SetRootCell            Make_LT                Make_LET               Make_GT                Make_Group             Make_I_list            Calc_force             Write_back             PP_single              PP_cluster             PP_cross               Cluster                Cross                  AR_step_sum            AR_tsyn_sum            Stab_Ngroup            Iso_Ngroup             Form_Ngroup            End_Ngroup             Modf_Ngroup            Merg_Ngroup            H4_step_sum            H4_no_NB               Ep-Ep_sum              Ep-Sp_sum  
                      0                    0.5                   2048                   1000     0.0030295158564373    5.4722304191124e-05    7.9904865717406e-05                      0    0.00049077634765338     0.0021542636601501    0.00010031467284843    3.6557865232822e-05    4.1339077644142e-05    4.2517052251778e-05    3.2605376083517e-06    5.6300151372035e-06    5.3569335634052e-09    1.6621018075647e-05    3.5074220416931e-08    4.0442868609603e-08    4.4926278253143e-08                      0   -8.6086967958643e-06    -0.0001173144238491    6.1985852450874e-08    3.7167475763766e-08    2.1493163382402e-07    2.0467280315017e-08    3.2080570200321e-08    1.1718759296286e-10    1.9531043449206e-11    1.1376707087507e-07                      0                      0                      0    4.0645969724196e-05    0.00055664851367521    6.8098964349339e-05    0.00035580476415431    5.0153745019266e-06    8.0195415520734e-05    0.00085395448682091    0.00023631665038959                      0                      0                      0    1.0307445310165e-05    0.00020219190429671    3.1943775876897e-05    0.00012658498241036    2.9216356933759e-07    2.5986088377561e-05    7.4896065921592e-05    1.7658982427449e-05               990.6875                 9.3125                      0          4.58349609375                      0            0.126953125          0.04736328125                      0                      0           0.0068359375            0.001953125                      0                      0         51.31884765625              0.0078125        991395.59667969            3535.234375
                      0                      1                   2048                   1000     0.0028279144228534     4.257296777288e-05    7.2627236817446e-05                      0    0.00046917837647076     0.0019739642436467    0.00010800594824145    5.4935635251496e-05    4.0827435548785e-05    4.2186481446826e-05    4.6863413136755e-06    5.3383139650975e-06     3.889160105075e-09    7.4067993129923e-06    6.3931148375218e-08    4.7577643602636e-08    4.5153819350219e-08                      0   -6.3404589876193e-06   -0.00012046159424539     1.147333970053e-07     3.703955542278e-08    5.9854003975346e-08    2.0850100757031e-08    3.2850578701726e-08    1.3671863641207e-10    1.9531487538416e-11    1.5907911432578e-07                      0                      0                      0    3.7519999508184e-05    0.00045303001173824    6.4489568356141e-05    0.00032896372801217    2.5939106480521e-06    7.8208348640807e-05    0.00083691936572716    0.00024468706249836                      0                      0                      0    1.3623785163563e-05    0.00017665631688768    2.9217881821086e-05    0.00013790334912045    2.8357959536152e-07     2.883368164408e-05    6.8202265124384e-05    1.3238148930839e-05           988.74609375            11.25390625                      0          5.60498046875                      0            0.068359375           0.0185546875                      0                      0           0.0029296875           0.0009765625                      0                      0         59.77001953125             0.00390625        991797.38867188        2651.0473632812
                      0                    1.5                   2048                   1000     0.0022321875512752    2.7320077155224e-05    6.1050252938344e-05                      0    0.00036374687207363     0.0015772211650242    7.9930245119986e-05    2.3031367176074e-05    5.1446913568398e-05    3.2340084467286e-05    4.4583369098739e-06    3.2997602539275e-06    3.4194336251403e-09    6.5873657226767e-06    3.5867178116433e-08    3.6701178096621e-08     4.335448045012e-08                      0    -9.702181141602e-06   -8.0493605967291e-05    5.9014168218852e-08    3.4443859764366e-08    5.6438478335252e-08    2.0959951108068e-08    3.2511727532381e-08    2.8857405354188e-10    1.9531043449206e-11    9.2213854330225e-08                      0                      0                      0    4.1687877931018e-05    0.00034213586084064    4.2738264651732e-05    0.00023999195997026    2.6524218768031e-06    5.5385142575304e-05    0.00074013728954281    0.00016281357909831                      0                      0                      0     1.191859668026e-05    0.00012795356005624    1.9576075189764e-05    9.3507677244808e-05    2.7749511000152e-07    1.9574551758605e-05    7.5184737790224e-05    1.9777481443217e-05          988.166015625           11.833984375                      0          5.87548828125                      0           0.3974609375          0.13623046875                      0                      0          0.01220703125          0.00244140625                      0                      0          66.7626953125           0.0146484375        992817.74951172          2097.45703125
                      0                      2                   2048                   1000     0.0019238329204012    2.3788311034334e-05    4.8768820314127e-05                      0    0.00033354140625308     0.0014061851811542    3.3320823244143e-05    1.7413509277642e-05    2.4886109871058e-05     2.647658740873e-05    1.1921005866888e-06    3.2452358396107e-06    4.4077146377219e-09    3.2431738392624e-06    3.5083013383286e-08    3.5054676494894e-08    4.1674792061741e-08                      0   -6.4373579147237e-06   -5.0286285635082e-05    5.9199609481198e-07    3.4477052324178e-08    6.4676749289561e-08    2.0264164568573e-08    3.1839840097803e-08    2.2998092319426e-10    2.4414248400717e-11    8.2544938440066e-08                      0                      0                      0    2.7046246579232e-05    0.00027985209814219    4.2131500474163e-05    0.00025359309668049    2.4385488126555e-06    5.6724379871476e-05    0.00064509835985449    0.00010251846045017                      0                      0                      0    5.4053603411042e-06    0.00011108355810485     1.337501025267e-05     8.807927685428e-05    2.4836132395123e-07    2.8392831056046e-05    6.5756711912446e-05    1.3210691899523e-05           990.02734375             9.97265625                      0           4.9091796875                      0           0.0322265625            0.009765625                      0                      0          0.00244140625          0.00048828125                      0                      0          56.2451171875           0.0029296875        994718.86816406        1568.7680664062
                      0                    2.5                   2048                   1000     0.0018066293491232    1.7272897958165e-05    5.7448789050785e-05                      0    0.00033558653222787     0.0012730852592751    3.9260764152171e-05    1.4557031252416e-05    3.2468084469439e-05    2.2474133304584e-05    4.8275141542042e-06    4.2052548825389e-06     3.982421947768e-09    3.8671113320454e-06    3.5199221315452e-08    3.5360844474752e-08    4.1779289805532e-08                      0   -5.1290273530569e-06   -5.9706366215995e-05    5.4655766579259e-08    5.7083008986325e-08    5.0187990208173e-08    1.9399414519228e-08     3.199954301536e-08    1.3183587554977e-10    2.0019541580041e-11    8.3020505137199e-08                      0                      0                      0      2.33422133884e-05    0.00025844004345021    2.8241649900895e-05    0.00019676377490052    4.9156162202912e-06    6.0643751448985e-05    0.00059981969776102    0.00012083374853589                      0                      0                      0    8.7182778401029e-06    0.00012458079297373     2.051734227404e-05    9.3151868651553e-05    2.2664599663713e-07    2.7425071776666e-05    4.9475936021892e-05    1.0571911146506e-05        987.29052734375         12.70947265625                      0           6.2568359375                      0          0.18505859375          0.06396484375                      0                      0          0.00439453125          0.00146484375                      0                      0         69.78759765625             0.00390625        991274.91503906            3107.296875
                      0                      3                   2048                   1000     0.0017775909384805    2.9677948734097e-05     5.515895117858e-05                      0    0.00037897147118793     0.0011713298227436    3.1494121594644e-05    2.0499267086027e-05    3.5862173338508e-05    2.1024505867828e-05    1.0142036127814e-05    2.9136347654557e-06     3.443847873541e-09    1.8952514162951e-05    3.4738760312791e-08    3.5469237769092e-08    5.6144026761018e-08                      0   -7.3816581953601e-06   -4.6573918436543e-05    5.2005358686102e-08    3.4301264051351e-08    5.1804215139839e-08    2.0198251515779e-08    3.2487808887538e-08    2.5927748836807e-10    1.4648282586904e-11    8.0181159489712e-08                      0                      0                      0    8.9354170049738e-06    0.00022651868506207    3.2905913090797e-05    0.00018676358546621    1.8272963839827e-06    4.8437447276228e-05     0.0005672644833945     9.444178465623e-05                      0                      0                      0    2.0518809086489e-05    0.00017442476074203    1.8135860349933e-05    8.9010635254017e-05    2.8283788866545e-07    1.7411236311826e-05    4.7589127940117e-05    1.5125994132781e-05        990.10009765625          9.89990234375                      0             4.87890625                      0          0.08447265625                0.03125                      0                      0          0.00537109375            0.001953125                      0                      0         54.16064453125           0.0068359375        991493.31054688          2853.80078125
                      0                    3.5                   2048                   1000     0.0022274288867146    2.5523363769597e-05    5.4323011717372e-05                      0    0.00038888900829592     0.0015929075619847    6.5050644058484e-05    2.6389930185999e-05    3.0158165040373e-05    3.3015441889273e-05    1.4836528254847e-06    3.1059995113658e-06    3.0136719786356e-09    4.8787065347611e-06    3.4892090106098e-08    3.6632319844188e-08    4.2289560742148e-08                      0   -1.2472791022677e-05   -7.9613751488683e-05    6.5515644909198e-08    3.5970704637123e-08    6.4376962871648e-08    2.0924801891198e-08    3.2087893675481e-08    1.8115242639283e-10    1.4648282586904e-11    8.9834488736784e-08                      0                      0                      0    2.8425471204852e-05    0.00031485197118775    3.6994091780596e-05    0.00024804493065611    3.2766435453802e-06     6.096602490091e-05    0.00077550241553936     0.0001606783662127                      0                      0                      0    2.4710707517084e-05    0.00014204774608961    2.0091565418934e-05    8.7583995604934e-05    3.3110351438381e-07    2.1023623049121e-05    7.4938087400334e-05    2.5304436523488e-05         987.1435546875          12.8564453125                      0           6.3408203125                      0            0.232421875           0.0615234375                      0                      0          0.00537109375           0.0009765625                      0                      0           68.416015625           0.0068359375        989354.94189453        3365.1030273438
                      0                      4                   2048                   1000     0.0019959134838876    2.7082595704275e-05    5.6297999019073e-05                      0    0.00037763520214895     0.0014165043281231    3.0203265616535e-05    1.9967043451086e-05     3.327170849321e-05    2.5675779284029e-05    1.4413637718924e-06    3.0440537108767e-06     2.881347604955e-09    3.0300234254987e-06    3.4942389870452e-08    3.5475574922117e-08    4.2405252642652e-08                      0    -8.670663063981e-06   -4.6890788097276e-05    5.3516615583504e-08     3.475291876498e-08    5.2391616822689e-08    2.1221673307537e-08    3.2010734507537e-08    2.7392621504418e-10    1.4648282586904e-11    1.0104736425376e-07                      0                      0                      0    1.6602648934771e-05    0.00032130481885906    3.1548204591392e-05    0.00021532000831392    1.8123740250786e-06    5.1867704103703e-05    0.00068833338135921    9.5460159678318e-05                      0                      0                      0    9.0791469555818e-06    0.00013527779101885    2.0030551270978e-05    9.2260813959744e-05    2.5290429084279e-07    1.7270149420323e-05    8.6841146491157e-05    1.7670675770187e-05         987.3720703125          12.6279296875                      0          6.21630859375                      0             0.25390625          0.09521484375                      0                      0          0.01025390625             0.00390625                      0                      0           71.830078125            0.005859375        984444.28613281        5214.6059570312
                      0                    4.5                   2048                   1000     0.0018668203149423    2.2709634761586e-05    6.0065951652089e-05                      0     0.0003289819877863     0.0013213338300906    3.4066596190652e-05    1.1979515148752e-05    3.9695102542758e-05    3.2312771978127e-05    3.5569023366655e-06    4.6303618166377e-06    4.7402344272029e-09    5.2622758892618e-06    3.5359863925777e-08    3.6665030567207e-08    4.2186041326886e-08                      0   -5.7925463816666e-06   -3.8946183602118e-05    5.4148917794095e-08    3.4231951939745e-08    1.0839159703124e-07     2.155516432012e-08    3.2311034292576e-08    1.7627010961974e-10    1.4648282586904e-11     1.358169039456e-07                      0                      0                      0    1.9584305666953e-05    0.00028441530957046     3.245062743007e-05     0.0002077969946348    1.9388344809634e-06    6.3869579097986e-05    0.00062731564257268    7.9410435565475e-05                      0                      0                      0    4.4570038961744e-06    0.00010607367578297    1.9923831052093e-05    9.3906318359593e-05      3.12543457337e-07    2.3003927262621e-05    6.3072949691545e-05    1.1925845686989e-05         986.3662109375          13.6337890625                      0          6.74853515625                      0          0.21630859375            0.072265625                      0                      0             0.00390625           0.0009765625                      0                      0         73.20654296875             0.00390625        974386.85546875        7416.8569335938
                      0                      5                   2048                   1000     0.0019488682456155    2.2939673335109e-05    6.0642318838955e-05                      0    0.00032255863379316     0.0014334545703067    3.2962286624194e-05    1.2339645999226e-05    2.7015016591303e-05    2.6608742190515e-05    1.2950205201534e-06    4.3193583985079e-06    3.5664062814078e-09     3.118615729214e-06    3.5619614813243e-08    3.6868164965398e-08    4.2707029024314e-08                      0   -4.1342187468985e-06   -4.9018938489187e-05    5.4166490848218e-08    3.4599116016665e-08    6.3540042560817e-08    2.0939470157799e-08    3.2397467375489e-08    1.6601564567509e-10    2.0019541580041e-11    9.0216808690258e-08                      0                      0                      0    1.9822698241967e-05    0.00027816237598355    3.1932023932146e-05    0.00022360747998906    2.2991337829126e-06    5.0282232910703e-05    0.00072701466895708    0.00010064107324315                      0                      0                      0    1.3940503890364e-05    0.00011005004589615    1.8723730956349e-05    8.3750314455067e-05    3.1231397246145e-07    1.9668301271647e-05    7.0454165529199e-05    8.5947504890882e-06         989.1220703125          10.8779296875                      0          5.39501953125                      0           0.1533203125          0.06201171875                      0                      0           0.0048828125           0.0009765625                      0                      0         60.17529296875            0.005859375        974943.68261719        6513.1606445312
                      0                    5.5                   2048                   1000     0.0023514605307771    2.9036825199391e-05    6.6905207028789e-05                      0    0.00041323271728011     0.0016803474360327    5.3308242677019e-05    1.2459764146211e-05    4.7998570788188e-05    2.9146145014813e-05    5.2361948208457e-06    5.6992631836117e-06    3.3266598364889e-09    6.1689203949555e-06    3.5618636928803e-08    3.6452642238061e-08    4.4019540457185e-08                      0   -6.6488466834436e-06   -6.4165054651344e-05    5.4680664440809e-08    3.4377431568089e-08    5.6068346854232e-08    2.0387695975899e-08    3.2220210499645e-08    1.5624967986128e-10    1.4648282586904e-11    1.1012354761419e-07                      0                      0                      0    1.7540932632176e-05    0.00035101446972163    3.7253426282913e-05    0.00024453452977014    4.0691000982029e-06    7.7763011232967e-05    0.00082124126709893    0.00013011186959755                      0                      0                      0    2.6040789064208e-05    0.00015552396631247    2.1866212398081e-05    0.00010049419579516    3.1440722469966e-07    2.1468784668244e-05    8.6472097164947e-05    1.3664651355771e-05          987.923828125           12.076171875                      0          6.00341796875                      0                      0                      0                      0                      0                      0                      0                      0                      0           62.931640625                      0        969878.57470703        7406.6889648438
                      0                      6                   2048                   1000     0.0026526831494058    5.7282104492185e-05      7.48299355533e-05                      0    0.00039763876220134     0.0018895760127045     8.464007667941e-05    5.6304155764408e-05    4.3692851078969e-05    3.1732996580214e-05    3.0475991219525e-06    3.4309199219429e-06    4.5986325858394e-09    8.9193974655011e-06    3.5367673234532e-08    3.6937486402877e-08    4.3106417546568e-08                      0   -1.0625975600753e-05   -7.5417324226557e-05    5.5541034882367e-08    3.4975097040757e-08    6.3764642899145e-08    2.1083003343136e-08    3.2413089545713e-08    1.1718759296286e-10    1.4648282586904e-11    9.1161612036927e-08                      0                      0                      0    3.4508102535025e-05    0.00042385187352867     4.009964795193e-05    0.00028891888231941    3.2643999130499e-06    6.8425228991753e-05    0.00089204582423141     0.0001526652250976                      0                      0                      0    8.3716191388028e-06    0.00013142999756921    2.0609733887511e-05    9.6209906251143e-05    3.4587402186759e-07    2.2850579108447e-05    9.4119863760955e-05    2.1619295409891e-05          987.818359375           12.181640625                      0           6.0341796875                      0           0.1123046875           0.0185546875                      0                      0            0.001953125          0.00048828125                      0                      0            61.90234375            0.001953125        961426.91601562        10076.583007812
                      0                    6.5                   2048                   1000     0.0026566930868923    4.0606996579928e-05    6.6466859370173e-05                      0    0.00041436883886092     0.0019470138613387     5.426001661446e-05    4.7474208495935e-05    3.9644160161778e-05    3.3623022948071e-05    1.1873779275362e-06    5.8530263675749e-06    3.1894531460352e-09    4.5609116212653e-06    3.5491711347646e-08     3.708446172368e-08    4.1470701095392e-08                      0   -1.2413747575213e-05   -7.4376791017627e-05     5.483399778683e-08    3.4975102369827e-08    5.6307595031058e-08    3.0328120903533e-08    4.2970700775413e-08     1.904294499866e-10    1.9531487538416e-11    9.3186032223969e-08                      0                      0                      0    3.7530613772319e-05    0.00044475929102727    7.2518971188984e-05    0.00031071843992647    2.3462983325118e-06    6.2228443840073e-05    0.00086118591161943    0.00015192640528028                      0                      0                      0    1.8856539057754e-05      0.000131766936037    1.7181187018878e-05    9.0754321299347e-05    3.9720362199347e-07    2.2885393070826e-05    9.9701899896054e-05    2.5189884772292e-05         987.4970703125          12.5029296875                      0          6.16650390625                      0          0.08642578125          0.03369140625                      0                      0          0.00439453125            0.001953125                      0                      0         69.41748046875           0.0029296875        943072.23046875        12084.000488281
                      0                      7                   2048                   1000     0.0032159603828155    7.1962221192212e-05    8.8223756842254e-05                      0    0.00064842720362002     0.0021037304501998    8.0323782231773e-05    5.5341752438487e-05    5.6082431160842e-05    6.7740159177099e-05    2.1248306146582e-05    4.5287060550514e-06    3.1650393417237e-09    1.6666809562249e-05    3.5770022055459e-08    3.7078128123369e-08    4.3495604895583e-08                      0   -1.7014519044345e-05   -0.00010400008790734    1.3657516939602e-07     4.512595319639e-08    6.0532703738403e-08    2.3069337107273e-08    3.3952642919388e-08    3.1249980381176e-10    1.4648282586904e-11    1.3946583443669e-07                      0                      0                      0    3.5365827161016e-05    0.00045315497898546    5.8771357891452e-05    0.00030523156150952    3.1888881855124e-06    7.6282976089637e-05    0.00091755866697518    0.00021393280178117                      0                      0                      0    3.7426388669992e-05    0.00028410126756873     1.799078173681e-05    0.00013722582666276    6.1702685183462e-07    1.8950310556765e-05    8.0274165042749e-05    3.4468603527849e-05         985.4970703125          14.5029296875                      0              7.0234375                      0          0.06201171875          0.02392578125                      0                      0          0.00439453125          0.00146484375                      0                      0         78.13037109375           0.0048828125        920680.24609375             16683.4375
                      0                    7.5                   2048                   1000     0.0025884690732481    3.7880874994567e-05    7.7891480950942e-05                      0    0.00052093375684414     0.0017341940200097     4.942986328782e-05    3.5929244635913e-05    7.0923966800862e-05    3.7688909656719e-05    7.1650791060307e-06    4.3677216798876e-06    3.4829099604394e-09     1.041268896218e-05     7.573436677788e-08    3.7470694547181e-08    4.2984383608058e-08                      0    -7.582038069831e-06   -6.8341671412231e-05     5.652491452679e-08    5.0088873049248e-08    5.3102523711601e-08    2.1171882025328e-08    3.2855465015302e-08    2.4902346851263e-10    1.4648726676114e-11    1.1071437233667e-07                      0                      0                      0    1.8546973628464e-05    0.00033726687891411    5.1984937992966e-05    0.00026937314112008     4.413383781543e-06    8.6996028799913e-05    0.00083156772754744    0.00013996135988448                      0                      0                      0    1.6078137697217e-05    0.00023658130030091    2.3602736823669e-05    0.00012142090819323    4.7131250102694e-07    2.4186698236672e-05    8.0513235841906e-05    1.5512557122843e-05         986.9638671875          13.0361328125                      0           6.4892578125                      0          0.37646484375          0.13037109375                      0                      0          0.01220703125             0.00390625                      0                      0           71.611328125           0.0126953125         920720.0703125        15789.350097656
                      0                      8                   2048                   1000     0.0026179681162048    3.0931897469166e-05    5.7233481938201e-05                      0    0.00046696033300941     0.0018616422280275    7.1993966797468e-05    3.4197745117925e-05    4.6886569819549e-05    2.7948548823709e-05    2.6866503888279e-06    4.6559809572244e-06    4.3344727806982e-09    1.0918079601296e-05    3.5583977542331e-08    4.8409678043981e-08    5.0290048125845e-08                      0   -1.3692243646446e-05   -8.6586693366808e-05    5.9202628577282e-08    3.6564453687049e-08    5.6014149762973e-08    4.7769533662034e-08    3.2344728229106e-08    1.5136736308818e-10    1.9531487538416e-11    1.1168993907518e-07                      0                      0                      0    4.8505205083149e-05    0.00040469329100823    5.9287369635896e-05    0.00026160596484637    5.6480971770689e-06    7.7011882808176e-05    0.00086500945118262    0.00017483794581308                      0                      0                      0    1.4326979002721e-05    0.00014700448338756    2.2650716311468e-05    0.00013039323486241    6.0097167509099e-07    1.7683776847299e-05    9.9748454114756e-05    2.8018274407682e-05            990.0078125              9.9921875                      0                4.96875                      0          0.08251953125              0.0234375                      0                      0           0.0029296875          0.00048828125                      0                      0          54.7216796875             0.00390625        923319.48974609         15803.07421875
                      0                    8.5                   2048                   1000     0.0023194652919978    3.7337251940883e-05    6.9422737791314e-05                      0     0.0004028006372061     0.0016264776889803    5.5703937007934e-05    2.7677125002512e-05    4.3778875488787e-05    3.6735287109568e-05    6.0030170687675e-06    4.5807124027242e-06    4.9018553660574e-09    7.1669633698868e-06    3.6101553746448e-08    3.7783205897313e-08    4.3518038950197e-08                      0   -6.2996728638076e-06   -6.1778024409875e-05    6.6820309285731e-08    3.6403337233537e-08    5.3713379966069e-08    2.2226553042515e-08    3.2757804024897e-08    1.2304690599763e-10    1.4648282586904e-11    1.1797217558396e-07                      0                      0                      0    3.4616461409787e-05    0.00031768597119619    3.6162287117669e-05    0.00025486211376746    3.1637905255621e-06    6.8889519998727e-05    0.00079964328369408    0.00012510606981886                      0                      0                      0    1.9969937504083e-05     0.0001522684931623    2.2382799306886e-05    9.8554595704847e-05    4.9617236630439e-07    1.3095499508786e-05    7.9122428228828e-05    1.2967708017619e-05         986.7763671875          13.2236328125                      0            6.537109375                      0          0.56201171875          0.17041015625                      0                      0            0.013671875             0.00390625                      0                      0         77.25634765625            0.013671875        916807.88232422          17333.8984375
                      0                      9                   2048                   1000      0.002555184410642    3.3355939950575e-05    6.5192664545854e-05                      0    0.00043554408887836     0.0018338302954084    5.8057808085543e-05    3.2084971196333e-05    4.7485578111406e-05     3.041925681968e-05    4.3258706052818e-06    4.6182319337618e-06    3.9873047086303e-09    8.4574570355933e-06    3.5499029493735e-08    3.7731462398938e-08    4.0411621604619e-08                      0   -9.4747280257046e-06   -7.0309903338117e-05    5.7718278156926e-08    3.6693857730086e-08      5.54526367047e-08    2.1322753784858e-08    4.2559073154536e-08    2.1044899156664e-10    1.9531487538416e-11    9.5311997849734e-08                      0                      0                      0    3.0724985853769e-05    0.00037168936229337    6.0847917008999e-05    0.00030543010788353     2.935810048843e-06    8.6516726071739e-05    0.00083719462549015    0.00014251187549918                      0                      0                      0    1.3302840329743e-05    0.00015486746044768    2.2252268067735e-05    0.00012053663330391    5.1257030753149e-07    1.6973691892908e-05    7.6997355465291e-05    1.9349155281567e-05          987.349609375           12.650390625                      0           6.2568359375                      0           0.3857421875          0.12451171875                      0                      0          0.00927734375          0.00244140625                      0                      0          70.6572265625              0.0078125        909434.04003906        17200.586425781
                      0                    9.5                   2048                   1000     0.0027831041342696    2.7304204091472e-05    7.1629520027816e-05                      0     0.0004871440019536      0.002038964321784    4.3203994151586e-05     2.448821580936e-05    3.8200929196819e-05    3.5343802735177e-05    3.5736821288879e-06    5.6825688479201e-06    3.1845703851729e-09    5.8158085955995e-06    3.5782227847392e-08    3.7773935090968e-08    4.1998527766651e-08                      0    -7.343869639076e-06    -7.233779590532e-05    5.5598631920617e-08    3.5013171473253e-08    5.7765140670796e-08    2.2237792052238e-08    3.2721687581727e-08    2.3486323996735e-10    1.4648726676114e-11    1.0263523542164e-07                      0                      0                      0    5.3817215319274e-05    0.00041765594627785    4.1412225592286e-05    0.00032794359617672    7.7487128913312e-06    0.00010013808690612    0.00085851379151602    0.00014625474560592                      0                      0                      0    5.5014052720015e-05    0.00017320994726022    1.8394414062151e-05    0.00013584089794527     7.248603473009e-07    2.6486013680049e-05    5.2350907219889e-05    1.5095264159104e-05        988.00732421875         11.99267578125                      0           5.9306640625                      0          0.40478515625          0.13134765625                      0                      0           0.0087890625          0.00244140625                      0                      0           64.947265625            0.009765625        900735.57226562        19411.694335938
                      0                     10                   2048                   1000     0.0025355599355605    3.1548931156866e-05    5.7823622555908e-05                      0    0.00040338630909131     0.0018186899462882    6.5597789052685e-05    4.1686368169369e-05    6.4576168957498e-05    3.1757485349004e-05    5.8719360365167e-06    4.1335029297151e-06    4.3295900198359e-09    8.8123007815355e-06    1.0185889109948e-07    3.6669917768961e-08    4.1242183446144e-08                      0   -1.4572386223044e-05   -8.0000219700782e-05     9.754590690747e-08    3.6541493830811e-08    1.4147460536407e-07    2.0714855164528e-08    3.2333980382049e-08     3.032232243072e-10    1.9531043449206e-11    9.4154819052505e-08                      0                      0                      0    3.2260168936205e-05     0.0003401314296827    3.7438142090007e-05    0.00031804587404638    6.7712631826033e-06    8.0291250972309e-05    0.00086819121190462    0.00016150008250637                      0                      0                      0    4.6450082789029e-06    0.00012578805567154    1.9007020012118e-05    9.9189512692277e-05    4.8526514540015e-07    1.8581190432521e-05    0.00010522707373051    2.9506683600022e-05        990.00048828125          9.99951171875                      0            4.962890625                      0           0.2197265625          0.06982421875                      0                      0           0.0068359375            0.001953125                      0                      0           54.197265625           0.0068359375        909789.10888672        17443.241699219
                      0                   10.5                   2048                   1000     0.0022753472519534    2.3393689939866e-05    5.7990167488864e-05                      0    0.00037458162108628     0.0016838063012781    5.0826656751379e-05     1.897544384466e-05    2.5493547350042e-05    2.7700633296046e-05    1.7051396459244e-06    3.1746914062047e-06    3.8110350430998e-09    5.7150502956738e-06    3.4980972785092e-08    3.7234365368732e-08    4.1006847251168e-08                      0   -5.1519629113983e-06   -5.5965197745422e-05     5.424755711303e-08    3.4782223767849e-08    6.0790548150891e-08    2.1011715922725e-08    3.1775894360209e-08    1.6162138294362e-10    1.4648726676114e-11    8.7767115797277e-08                      0                      0                      0    3.0232008786157e-05    0.00044913846826011    3.2604499018873e-05    0.00020606442478632    3.6905176012958e-06    7.5223725096496e-05    0.00078061247413252    0.00011339077441441                      0                      0                      0     7.822013195824e-06    0.00014614622803055    2.1403381819329e-05     9.150802050284e-05    5.0250489236348e-07    1.5584061034968e-05    7.6573563477123e-05    1.0647180667345e-05         989.5986328125          10.4013671875                      0          5.14794921875                      0          0.04833984375           0.0205078125                      0                      0          0.00244140625           0.0009765625                      0                      0         57.16162109375           0.0029296875        909972.46826172        17235.767578125
                      0                     11                   2048                   1000     0.0020726984789996    3.8020463399402e-05    5.7493688480736e-05                      0    0.00041955457861764     0.0014156188652343    4.1668891113122e-05    3.2759896978707e-05    2.9484519044942e-05    2.3903707038642e-05    1.8686186451511e-06    4.1637041019449e-06    2.5179687668242e-08    6.4407582951453e-06    3.4625982525682e-08    1.1587793835588e-07    4.0915036692013e-08                      0   -6.5009955805273e-06    -5.718280664091e-05     5.553761628363e-08    3.5107909468479e-08    5.1376461751573e-08    2.0944345369145e-08    3.7591306956131e-08     2.148432542981e-10    2.9296565173809e-11    9.6232418922426e-08                      0                      0                      0    2.0195588383842e-05    0.00026793598438113    3.1361498525229e-05    0.00019037691015589    2.6444335796683e-06    6.9346519532054e-05    0.00072090403418468    0.00011592414795203                      0                      0                      0    5.7484218745074e-06    0.00017955178417983    1.8701770998941e-05    9.9995048842061e-05    5.3465772431593e-07     1.303117821827e-05    8.1373389651862e-05    1.3350226548248e-05         990.3916015625           9.6083984375                      0          4.74951171875                      0           0.0244140625            0.009765625                      0                      0            0.001953125          0.00048828125                      0                      0         50.79541015625            0.001953125        906584.76855469        17683.566894531
                      0                   11.5                   2048                   1000      0.002404373651363    2.5171704109983e-05    7.0234256832613e-05                      0    0.00036516108886531     0.0017345007905298     9.761769529959e-05    2.2425521001956e-05    4.6415198257321e-05    2.9714646478496e-05    1.6671191436224e-06    5.4508715821022e-06    3.2436520136514e-09    4.2409282214884e-06    1.0150537743669e-07    3.6343757336965e-08    4.2781736819819e-08                      0   -8.3005019395621e-06   -6.5883310000903e-05    5.5324216319264e-08    3.5178719048901e-08    1.1163818447457e-07    2.1289065177399e-08    3.2196296295695e-08    2.1044987974506e-10    1.9531043449206e-11    8.9946305958932e-08                      0                      0                      0    4.5381060559624e-05    0.00041274127101021    4.2456702627813e-05    0.00021944375392247    2.6370825105815e-06    8.0860145997619e-05    0.00081162772315446    0.00013336317039236                      0                      0                      0    1.8213309088466e-05    0.00011866270947003    2.3010074710506e-05    9.6442848145806e-05    5.4684717154529e-07    1.6015114259638e-05    8.3780353031582e-05    1.6988535152862e-05          987.798828125           12.201171875                      0          6.07373046875                      0            0.056640625             0.01953125                      0                      0            0.001953125          0.00048828125                      0                      0            67.55859375            0.001953125        902862.86621094        19462.415527344
                      0                     12                   2048                   1000     0.0021092572436507    2.4324664068764e-05    6.7468262206383e-05                      0     0.0003877786162092     0.0014989723330023    3.9748740239709e-05    1.8485958979575e-05    2.9449088366995e-05    2.8746403808899e-05    1.5776303672332e-06    5.9669506837778e-06    3.4243163860026e-09    4.5439765559152e-06    3.6144041981601e-08    3.6293467342574e-08    4.3255874437875e-08                      0   -1.1379547842694e-05   -5.2039378912294e-05    5.4506359870032e-08    3.4197757070586e-08    5.7164557976108e-08    2.2342768080108e-08    4.4038577673433e-08    2.6904256600346e-10    1.9531043449206e-11    1.0024854324442e-07                      0                      0                      0    3.5788948717919e-05    0.00030715861376773    4.1260467766868e-05    0.00022180526904325     2.731311537385e-06     7.768757325044e-05    0.00072538637645136    0.00010562312889961                      0                      0                      0     8.522255851684e-06     0.0001304432944349    2.2635244638192e-05    0.00011120134278153    5.5680517707657e-07    1.7930255378662e-05    7.2077550786531e-05    2.3165972165451e-05        987.37548828125         12.62451171875                      0            6.232421875                      0          0.42333984375           0.1318359375                      0                      0              0.0078125          0.00244140625                      0                      0         69.54345703125            0.005859375        915429.99121094        15031.071777344
                      0                   12.5                   2048                   1000     0.0020654465786207    3.2124125003641e-05    6.4966969234526e-05                      0    0.00035572395899086      0.001457522681144      3.90994038173e-05    4.0427988283298e-05     3.314210887817e-05    2.8246496573736e-05    2.6103959784862e-06    4.8584482423841e-06    5.1909179177301e-09    4.8934272447454e-06     3.557862182646e-08    6.7237282852517e-08    6.0312479455149e-08                      0   -2.9499565532554e-06   -5.1354357942568e-05    5.3598145033362e-08     3.422900984873e-08    5.0735835976923e-08    2.1031248298442e-08    3.2075686107191e-08     1.904294499866e-10    1.4648282586904e-11    8.3550289353695e-08                      0                      0                      0    2.9682421376798e-05    0.00029797431933165    3.5970814455055e-05    0.00023647237452051    4.8355258792654e-06    7.9024752936974e-05    0.00068113928123648    0.00010432755568557                      0                      0                      0    2.4233174305888e-05    0.00015298094190763    2.7974548831189e-05    7.9092055182084e-05    5.3627295404368e-07    1.6031519531445e-05     5.773917871954e-05    6.2480058686809e-06        987.35107421875         12.64892578125                      0          6.26025390625                      0           0.2080078125           0.0576171875                      0                      0             0.00390625           0.0009765625                      0                      0          69.8056640625            0.001953125        921936.72753906        13218.561523438
                      0                     13                   2048                   1000     0.0025662894335947    4.1595803230265e-05    6.5425227547156e-05                      0    0.00046754186865483      0.001824762457511    6.6989819845098e-05    3.0806303234154e-05     3.490492137237e-05    2.0243031736644e-05    2.4559858440298e-06     2.986805663685e-06    4.7255857005268e-09    6.6992241429809e-06    4.6613269688578e-08    3.6263675173842e-08    4.1807613815337e-08                      0   -9.2397539042111e-06   -6.9510454614008e-05    5.4159178919377e-08    5.8970697214278e-08    5.5902334317182e-08    2.0045896942378e-08    3.2069335187401e-08    2.7392577095497e-10    1.4648282586904e-11    8.8374993989504e-08                      0                      0                      0    3.8534430177872e-05    0.00048911080567171    4.8899912097333e-05    0.00022617945703463    2.1123227567088e-06    6.2735052758445e-05    0.00084247918992286    0.00014068525684818                      0                      0                      0    1.8424007814488e-05    0.00021219095362301    2.1264662594778e-05    0.00010025437939598     3.978530354054e-07    1.5615770502908e-05    8.4571004398182e-05     1.885235303023e-05          988.427734375           11.572265625                      0          5.70361328125                      0          0.27880859375             0.08984375                      0                      0           0.0068359375          0.00146484375                      0                      0            64.26171875              0.0078125        951103.19873047           7534.1953125
                      0                   13.5                   2048                   1000      0.002891156431633    4.7560958984505e-05    6.4895707020174e-05                      0    0.00047584704786541     0.0021164534282003    4.7185571280473e-05    4.0137898921433e-05    3.6611200181724e-05    5.0086094240065e-05    1.5965014639185e-06    3.0381484372732e-06    4.8920898443328e-09    5.9928178415269e-06    3.5367183404134e-08    4.5484379374017e-08    4.0896003028479e-08                      0   -1.0731072264125e-05   -6.8006658711095e-05    5.5402817888961e-08    3.5387678565257e-08    5.7561028388164e-08    2.2421873691059e-08    3.2231449953457e-08    2.3486323996735e-10    1.4648282586904e-11    1.0195408606251e-07                      0                      0                      0    5.5244814450184e-05    0.00042429886913986    7.0228603040068e-05    0.00038584757813576    3.9971020320273e-06    7.3249626468819e-05    0.00091575480711592    0.00013762266552408                      0                      0                      0    2.8939568351483e-05    0.00015122817675017    2.3534864745933e-05    0.00013206441454905    6.4092480167588e-07    1.7276551272261e-05    8.4913435539402e-05    2.1854253424713e-05         988.6083984375          11.3916015625                      0            5.630859375                      0            0.146484375          0.05615234375                      0                      0           0.0048828125           0.0009765625                      0                      0         64.08154296875            0.005859375        930686.08886719        10791.029296875
                      0                     14                   2048                   1000     0.0030548291391681    4.5604846181213e-05    7.8419572266064e-05                      0    0.00058083224023298     0.0021456533027338    6.4150616224001e-05    4.0079786124192e-05    3.1461406263311e-05    5.4525006344619e-05    1.9025835045205e-06    2.9591850587707e-06    3.4833984585703e-09    7.3005786149771e-06    3.6382810986169e-08    3.7450705647757e-08    4.3320327325347e-08                      0   -6.8797358125927e-06   -8.4921581033015e-05    5.8530768232146e-08    3.5898927830402e-08    6.2234858155819e-08    2.2959973478009e-08    3.2220699885954e-08    2.4462876169196e-10    1.4648726676114e-11    1.0630565849823e-07                      0                      0                      0    8.2334894520475e-05    0.00040699624756257    4.0382290039442e-05    0.00030598233006751    5.1921718715597e-06    8.2962504393436e-05    0.00095318562401525    0.00017174904784056                      0                      0                      0    3.1813016594828e-05    0.00018686388036881    2.7513082520247e-05    0.00015693445996678    5.6034277440276e-07     1.948930566309e-05    7.5834101082251e-05    1.4163043437154e-05           988.39453125            11.60546875                      0           5.7158203125                      0          0.03564453125          0.01318359375                      0                      0           0.0029296875           0.0009765625                      0                      0          63.3681640625             0.00390625        911612.92626953        15460.147949219
                      0                   14.5                   2048                   1000      0.002431849528326    1.9766868641913e-05    6.0879832028071e-05                      0    0.00045499715429376     0.0017673877485294    2.4450796392905e-05    1.2633565421361e-05     3.540456250084e-05    3.8192219720568e-05    3.6899682700486e-06    2.8887338867634e-06     3.918457114338e-09    9.8166210951156e-06     3.554541105899e-08    3.6074714770962e-08    6.6721681513116e-08                      0    -5.681459976703e-06   -3.2267540034159e-05    5.4542474092756e-08    3.4209478361191e-08    6.2488782592851e-08    2.2768546603658e-08    3.2596674692797e-08    3.6718761364796e-10    2.4414248400717e-11    1.0253712900976e-07                      0                      0                      0    5.2575110351505e-05    0.00031163428514303    3.9575234374478e-05    0.00024901122265097    2.6156611174777e-06    6.6721147956361e-05    0.00081455716892131    6.6170907699892e-05                      0                      0                      0    1.6799097174225e-05    0.00013259867138338    1.9802949221326e-05     0.0001132492045901    6.2583154125662e-07    1.6857543453597e-05    7.2017676264746e-05    1.1918667001343e-05            987.1328125             12.8671875                      0          6.27099609375                      0           0.4560546875             0.16015625                      0                      0          0.00927734375          0.00244140625                      0                      0         66.05224609375           0.0107421875        899891.89746094        18622.961914062
                      0                     15                   2048                   1000     0.0021864472534343    1.9296698733573e-05    6.5319493169014e-05                      0    0.00042331675147755     0.0015625567163133    2.3851942392739e-05    1.5058169923421e-05    3.2271845711307e-05    3.1306202160408e-05    2.2486498956198e-06    4.6688540038531e-06    5.0336916856963e-09    4.2147631749145e-06    3.5978513501789e-08    3.6115236135004e-08    7.1583023064647e-08                      0   -6.8748612873648e-06   -2.8104057605116e-05    5.2837888286916e-08    3.4076649058079e-08    5.9985832745468e-08    2.1775875325147e-08    1.0036913744571e-07    2.5878899023724e-10    1.4648282586904e-11    2.3340087684787e-07                      0                      0                      0    5.1380988743688e-05    0.00028446362596979    3.1771058119912e-05    0.00026824851366269    3.6065727493373e-06    8.8090814930997e-05     0.0006373357109335    5.7939345207814e-05                      0                      0                      0    3.3619622572534e-05    0.00013352425049318    1.9971697260868e-05    0.00011772644286401    6.9880517905574e-07    1.9401270026531e-05    3.5791960941722e-05    1.4136169911527e-05            984.6171875             15.3828125                      0          7.56787109375                      0           0.1474609375          0.05712890625                      0                      0          0.00830078125          0.00244140625                      0                      0         80.56005859375            0.009765625        891392.69384766        19836.865234375
                      0                   15.5                   2048                   1000     0.0023212901088958    2.7044272461474e-05    5.7553927254705e-05                      0    0.00043969744433792     0.0016567989877934    2.6252754882883e-05    2.5674777344609e-05    3.6647694820591e-05    3.4166822267423e-05    2.1943417847226e-06    4.5937416990327e-06    3.6547849191493e-09     8.921569324194e-06    3.5381353402641e-08     3.611572152451e-08    4.1281726037568e-08                      0   -5.3179619206034e-06   -3.1255447728196e-05    6.0908216248379e-08    3.4433585760496e-08    5.7943844833375e-08    2.1670402361451e-08    3.2660635085335e-08    1.1279288614219e-10    1.9531487538416e-11    1.0306248876546e-07                      0                      0                      0    6.0379259270604e-05    0.00032236929932283    5.1663152835335e-05    0.00025718925096729    3.4936586743584e-06     9.364095605191e-05    0.00067906804100826    6.4223150368026e-05                      0                      0                      0    3.0061522451774e-05    0.00015400832861179    2.0031832527412e-05    0.00011638498974476    6.8631249749984e-07    1.9821263178788e-05    3.2938529289428e-05     1.105513232158e-05         988.6201171875          11.3798828125                      0             5.58203125                      0          0.14306640625          0.04052734375                      0                      0            0.001953125          0.00048828125                      0                      0         61.00048828125            0.001953125        878276.98876953        23261.850585938
                      0                     16                   2048                   1000     0.0024249721323266    2.2947383806482e-05    5.5327968267793e-05                      0    0.00046496360400727       0.00175027612402    2.2859531738639e-05    1.2064828616598e-05    3.4844977531368e-05    4.4485827151775e-05    2.6203627858656e-06    4.7058618166673e-06    3.1259763666469e-09    7.9819902230049e-06     3.493165579016e-08    3.4951646021852e-08    3.8692867132539e-08                      0   -5.3004589788408e-06   -3.4467935069671e-05    6.2444354131941e-08    3.3255856735082e-08    5.2794434601822e-08    2.2002940802679e-08    3.1857400717428e-08    1.1279244205298e-10    1.9531487538416e-11    1.0201024425172e-07                      0                      0                      0    7.7173856458224e-05    0.00036727876904585    3.6224424792231e-05     0.0002674464487451     2.836533203876e-06    8.5571249006655e-05    0.00070018812892503    7.0504331057819e-05                      0                      0                      0    4.6962426271335e-05    0.00015399059180821    1.7563522950237e-05     0.0001303930117178    7.2182910182406e-07    1.9522738764266e-05    3.6945885748096e-05    1.1013592772002e-05         987.7197265625          12.2802734375                      0            6.044921875                      0          0.32177734375           0.0927734375                      0                      0          0.00634765625          0.00146484375                      0                      0         64.12060546875           0.0068359375         877126.0390625        22730.729980469
                      0                   16.5                   2048                   1000     0.0030682948046685    2.4205673830657e-05    7.2288663578668e-05                      0     0.0006142310185564     0.0021449652114129    3.7390083501343e-05    1.3264023926318e-05    6.4093785167696e-05    8.4775501945078e-05    1.4834975545774e-06    4.9313657224381e-06    5.3911133335305e-09    4.8083095629536e-06    3.5325197433878e-08    5.2196767796886e-08    4.1879883116991e-08                      0   -7.0569077239568e-06   -4.4759405287031e-05    6.9517556600118e-08    3.4174330476588e-08    8.2227550546321e-08    2.2479496486483e-08    3.1991700844003e-08    2.4951196664347e-10    1.9531487538416e-11    2.6855029400252e-07                      0                      0                      0    8.1579794429576e-05    0.00045506314747712    4.9038400399937e-05     0.0003578612089794    2.7655766565715e-06    0.00010533364845644    0.00080301792674353    9.1257495117514e-05                      0                      0                      0    7.6074293946071e-05    0.00022396236083999    2.5632206055004e-05    0.00015729439354972    8.4702831948391e-07    2.3676854985499e-05    3.7479641606275e-05    1.4661553224826e-05         988.0126953125          11.9873046875                      0           5.8779296875                      0           0.0673828125           0.0263671875                      0                      0          0.00244140625          0.00048828125                      0                      0             66.4453125           0.0029296875        871893.73339844        24938.658691406
                      0                     17                   2048                   1000      0.003057337820318    3.7749983877067e-05    9.0164283214289e-05                      0     0.0005506716313457     0.0022136443852672    2.7888626941586e-05    2.5245977044452e-05    4.7516174800588e-05    4.4855676270217e-05    5.9102577982806e-06    3.5072949216008e-06    4.2119139287422e-09    8.3472905223481e-06    3.5678209275858e-08    4.8601079161159e-08    5.4120112835676e-08                      0    -2.767469733822e-06   -4.2074735821629e-05    5.2760238400396e-08    3.4667480441897e-08    7.6722162400955e-08    2.2430667545592e-08    3.2417487361158e-08    1.5625012395049e-10    1.4648282586904e-11    1.0788087134728e-07                      0                      0                      0    8.4663360825132e-05    0.00051350041064202    6.2030134777125e-05    0.00031679381102467    5.3733774536546e-06     9.657665331364e-05    0.00082250624755709    8.5902771963298e-05                      0                      0                      0    5.4660556646713e-05     0.0001929224457986    2.2771263672894e-05    0.00014233156737742    7.3897509977883e-07    2.2167527347072e-05    3.2065248543045e-05    6.0837709949801e-06        986.60888671875         13.39111328125                      0          6.55908203125                      0          0.25830078125          0.10498046875                      0                      0           0.0068359375            0.001953125                      0                      0          76.4853515625           0.0048828125        868223.95166016        24621.275878906
                      0                   17.5                   2048                   1000     0.0034097653715732    2.9452602525737e-05    7.4759676767844e-05                      0    0.00077438252929163     0.0023113001630817    3.7498627909027e-05    2.5024964835474e-05    6.0303452152688e-05    8.2606831050658e-05    3.8187202178186e-06    2.9901767577556e-06    4.7060546570776e-09    5.4108569313982e-06    3.6347660437031e-08    3.7177244394115e-08    4.4333993365342e-08                      0   -9.8893476612183e-06   -5.9401354985056e-05    6.8826657262377e-08    3.5475101967108e-08    9.6132802607229e-08    2.5001458681118e-08    3.2314944053979e-08    3.0859403921113e-10    1.4648282586904e-11    1.1686623579976e-07                      0                      0                      0    9.9257965322508e-05    0.00049164404785529    4.2271191402321e-05    0.00037475464988468    4.3772280382548e-06     0.0001127871059623    0.00087908895508271    0.00012078123730319                      0                      0                      0    7.2983236824697e-05    0.00037472758740487    3.7148356934136e-05    0.00014932123925115    8.7601904352752e-07    2.3323291987065e-05    3.8242275878897e-05    2.0211353516153e-05        984.65673828125         15.34326171875                      0               7.609375                      0            0.529296875           0.2041015625                      0                      0          0.01416015625          0.00439453125                      0                      0           82.103515625           0.0146484375        872164.44628906        23989.712402344
                      0                     18                   2048                   1000     0.0032695194941419    4.0414507818998e-05    7.4161062999512e-05                      0    0.00065388745898254     0.0022747543183583    6.4707571785227e-05    3.2646603511655e-05    6.2006377928192e-05    4.7999754393402e-05    3.0008828129091e-06    4.6014174803766e-06    5.1611328544254e-09    9.4227905367283e-06    3.6607914477571e-08    3.8093753929047e-08    5.2732912259046e-08                      0   -8.6891064512429e-06   -8.1550516080497e-05    5.8015602544259e-08    3.6237792322424e-08    6.2823233282217e-08    2.3505872803753e-08    3.2554680284846e-08    1.5185586121902e-10    1.4648282586904e-11    1.1276025979612e-07                      0                      0                      0    8.9924927259233e-05    0.00055672096776505    6.0741241218132e-05    0.00042058147605406    4.1098891574443e-06    0.00011442213866841    0.00080663828855831    0.00016494391892907                      0                      0                      0    4.5121767092482e-05    0.00028172109813562    3.1970390619751e-05    0.00016789088768565    6.8486669269063e-07    2.9995267090133e-05    4.9651374511406e-05    1.7799107919991e-05         985.9248046875          14.0751953125                      0          6.80126953125                      0                   0.25           0.0927734375                      0                      0           0.0087890625           0.0029296875                      0                      0           77.896484375            0.009765625        879019.91064453        21883.348144531
                      0                   18.5                   2048                   1000     0.0025570036894562    2.5490391596605e-05    6.7313565425664e-05                      0    0.00044523606591751      0.001856414099612    4.8443578109847e-05    2.9777500478723e-05    4.5367163583165e-05    2.5432105955847e-05    3.0916059574615e-06     4.333218261543e-06    4.1586911692093e-09    4.4547163158271e-06    3.5663079600567e-08    3.7315909917623e-08    4.3202140975751e-08                      0   -1.0742175779122e-05   -8.1969046416663e-05    5.7292468991221e-08    3.5271971121631e-08    5.3598639748742e-08    2.0848134774099e-08    3.2140630157329e-08    2.1044943565585e-10     3.417932603611e-11    1.1149460510396e-07                      0                      0                      0    2.1846192856056e-05    0.00037739824755345    3.4611013684849e-05    0.00024522852441899    5.5912827177096e-06    8.2075618169419e-05     0.0009539033071313    0.00016542736768965                      0                      0                      0    1.6475595693954e-05    0.00015946383642573    2.3072794922196e-05    0.00011563121045199    5.0366602000196e-07    2.5580540038206e-05    8.9131205085469e-05    2.1941554197102e-05         987.4990234375          12.5009765625                      0          6.17431640625                      0          0.49658203125          0.16162109375                      0                      0           0.0185546875          0.00634765625                      0                      0         66.39794921875             0.01953125        899655.39501953        17166.448730469
                      0                     19                   2048                   1000     0.0021971816303519    2.0715228521428e-05    7.3778988768591e-05                      0    0.00038695660937504     0.0015694480893522    3.9216233878481e-05    2.6410402836685e-05    4.0001979008331e-05    2.1967744138873e-05    2.8879946190052e-06     4.189180663694e-06    5.7919922191729e-09    9.6839638730195e-06    3.6378906109746e-08    3.5213376214926e-08    4.2260264176974e-08                      0   -6.2945629912825e-06    -5.298405321863e-05    5.4415038697186e-08    3.4650882607679e-08      5.13642617328e-08    2.0308116521761e-08    3.2413578487933e-08    1.6650414380592e-10    1.9531487538416e-11    1.3834327461382e-07                      0                      0                      0    2.1181463375264e-05    0.00030530818554864    4.0779219729448e-05    0.00023307032277442    2.5319619076924e-06    7.7455084485312e-05    0.00079054198093287    0.00010752262059111                      0                      0                      0    4.5631948193403e-06    0.00013602273729685    2.2375472167102e-05    8.8909154793981e-05    1.2291079101168e-06     3.175027686364e-05     8.129099951093e-05    1.2912764651318e-05           984.66015625            15.33984375                      0          7.52978515625                      0          0.40283203125            0.126953125                      0                      0          0.01220703125          0.00244140625                      0                      0         80.88232421875           0.0126953125        910629.25732422        14999.328613281
                      0                   19.5                   2048                   1000     0.0023536188906292    3.9044825188128e-05    7.6023046375884e-05                      0    0.00039382216405404     0.0016471533686375    5.7195978520053e-05     4.005371436655e-05     4.633431299661e-05    3.2845751951616e-05    7.1166030162217e-06    3.5486337890411e-06     3.213867394436e-09    8.7802719712649e-06    5.1273434387156e-08    3.7318830692357e-08     4.366066352901e-08                      0   -1.0796211445285e-05   -7.3542505890867e-05    5.6210924803679e-08    3.5813965126863e-08    5.0950684560291e-08    2.1771002334248e-08    3.2577636144282e-08    2.7880897590649e-10    1.4648726676114e-11    9.1621089381988e-08                      0                      0                      0    1.7235442860031e-05    0.00036905253907049    3.5708876451324e-05    0.00027759216552603    3.3672534147655e-06    8.3841851556965e-05     0.0007321940624947    0.00014844564162919                      0                      0                      0    1.2145317869194e-05    0.00012050985498302    4.8672274412631e-05    0.00010505001708738    4.9952393110786e-07    2.5254416507359e-05    6.4376550290568e-05    2.1949598154158e-05         985.2685546875          14.7314453125                      0          7.18017578125                      0           0.4306640625               0.140625                      0                      0          0.01220703125          0.00244140625                      0                      0            80.19921875           0.0146484375         913803.9609375        13743.908203125
                      0                     20                   2048                   1000     0.0027947909096606    3.8644448739689e-05    7.7874567388836e-05                      0    0.00049639199999918     0.0019618303979541    6.8445038594156e-05    4.1939489267673e-05    4.5742774899438e-05    4.1162062014877e-05    7.2294707136322e-06    3.3169584958692e-06    4.6767580919038e-09    9.9623222618028e-06    3.6995610575019e-08    3.9125488626723e-08    4.4490228834348e-08                      0   -1.0549905745894e-05   -9.4488083482336e-05    6.0941394597336e-08    3.7850086176405e-08    5.7312987244984e-08    2.2173815228399e-08    3.3266606358495e-08    2.4462920578117e-10    1.9531043449206e-11    2.9579539484459e-07                      0                      0                      0     3.150895704529e-05    0.00048801338720494    5.4836223644106e-05      0.000372986889146    4.2151381811628e-06    8.2658546898706e-05    0.00077961888181655    0.00019061335790838                      0                      0                      0    3.2219801275435e-05    0.00020936938574057    3.0155001477628e-05    0.00012539645653842     6.543496122724e-07    3.4634125499533e-05    6.2674201169788e-05    2.1483297840685e-05         987.1005859375          12.8994140625                      0            6.353515625                      0            0.044921875          0.01708984375                      0                      0            0.001953125          0.00048828125                      0                      0         70.55322265625            0.001953125        924127.26708984        10995.606445312
                      0                   20.5                   2048                   1000     0.0018753783994088     2.429776268853e-05    6.9147503419575e-05                      0    0.00037751056590762     0.0012914718720758    2.6631100572327e-05    1.2751489738339e-05    2.8630417479913e-05    3.2481867677348e-05    2.0943808558549e-06    3.9763198240728e-06    3.4340819077272e-09    4.3996308498606e-06    4.5950183213961e-08    3.7490237581039e-08     5.702296412835e-08                      0   -5.9618471817124e-06   -3.8722617160758e-05    5.3367177343944e-08    3.5344227100609e-08    5.4630862056371e-08    9.4978510833954e-08    3.2405277128333e-08    2.4462920578117e-10    1.4648282586904e-11    8.4072766082244e-08                      0                      0                      0    1.4374856462052e-05    0.00030494181837781    3.5367214350934e-05    0.00023270672363207    2.8238042140138e-06    7.4693937993864e-05    0.00053953904247805    7.9148382321037e-05                      0                      0                      0    9.1311118151083e-06    0.00011747400537621    3.0083146491666e-05    0.00012409422365156    5.4536279270323e-07    3.4379638182092e-05     4.879501806565e-05    1.2299896972934e-05          985.423828125           14.576171875                      0            7.181640625                      0           0.0849609375          0.03173828125                      0                      0          0.00341796875          0.00146484375                      0                      0             82.9765625           0.0029296875        929811.53271484        10275.272460938
                      0                     21                   2048                   1000     0.0027193876723639    2.6253419922906e-05    7.3770942386808e-05                      0     0.0005702837348629     0.0018366054892409    6.2607218748845e-05    1.7055818358092e-05    5.7511329591975e-05    4.0511673835564e-05    8.6834335863983e-06    4.3816406249952e-06     4.060546565654e-09    1.9193255366812e-05    3.7384280116015e-08    5.0988772759553e-08    5.1721679827921e-08                      0   -7.9795190375265e-06   -6.2074144093316e-05    6.0205579188732e-08    3.5814939902679e-08    6.8017580900914e-08     4.455907687273e-08    3.3794445464252e-08    2.0117196797287e-10    1.4648282586904e-11    9.6360817103402e-08                      0                      0                      0    4.0162081557327e-05    0.00049860578858008    5.4449618667185e-05    0.00037717977637408    4.0730537258504e-06    0.00010565158983411    0.00063814168017995    0.00012655993457678                      0                      0                      0    1.1083141612911e-05    0.00024051002001224    5.1624955558882e-05    0.00013950535204854    6.3644043324373e-07    4.1844231925214e-05    6.6885812510353e-05    1.6458771966654e-05        987.97412109375         12.02587890625                      0          5.90087890625                      0           0.2822265625          0.07275390625                      0                      0          0.00830078125            0.001953125                      0                      0         64.88232421875           0.0068359375        939977.41992188        6993.4306640625
                      0                   21.5                   2048                   1000     0.0033368377714904    4.1236299299641e-05    8.6845332535113e-05                      0    0.00068231783105954      0.002180417469734    8.4519650378923e-05    5.0339671862965e-05    9.0358346684027e-05    9.6997729982284e-05     3.279296874048e-06    3.7843222657763e-06    3.6450193974247e-09    1.3570562015008e-05    3.6906742550968e-08    4.0017099411926e-08    5.2774404402101e-08                      0   -2.6443403793319e-05   -9.3547518048798e-05    7.3696778901677e-08    3.7435058608537e-08    6.0555185754652e-08    2.7371093391793e-08    3.3074223360074e-08    2.5927704427886e-10    1.4648282586904e-11    3.3014063305359e-07                      0                      0                      0    3.6620910635055e-05    0.00070314709718078    6.4486143041442e-05    0.00035098778369891     5.341723135377e-06    9.4927002434186e-05    0.00077475496581769    0.00018874941210489                      0                      0                      0    1.7408671868946e-05    0.00019449087549894    5.8996290530189e-05    0.00023485520556443    5.6484032917581e-07    3.4427837394713e-05    0.00011059974512495    5.3258097652442e-05        984.61865234375         15.38134765625                      0          7.56298828125                      0          0.48193359375          0.14599609375                      0                      0          0.01318359375          0.00341796875                      0                      0         84.61962890625           0.0146484375        943529.27294922        6017.1923828125
                      0                     22                   2048                   1000     0.0026159435615258    3.2640033203357e-05    9.0364486340366e-05                      0    0.00047858813817792     0.0018075052807709    6.1704800783158e-05     2.826771289044e-05    5.7281207527904e-05    4.1475005858604e-05    6.0279443383493e-06    4.2266386723888e-06    3.8007814673335e-09    5.1139990189242e-06     3.568896511652e-08    3.8719241590712e-08    5.5042002067296e-08                      0    -1.437225244727e-05   -7.4020511726225e-05    3.0080567503532e-07    3.6064461195195e-08    5.6386234348338e-08    2.2903814400621e-08    3.3041017921676e-08    1.9091794811743e-10    1.9531043449206e-11    1.2445116404081e-07                      0                      0                      0    3.5061289538785e-05    0.00039308240088465    5.1943859363579e-05    0.00029287217383978    5.1455312526372e-06    6.7175034653477e-05    0.00083694067969642    0.00014984125782425                      0                      0                      0    1.6510200689712e-05    0.00015715424609253    3.1202765135685e-05    0.00012844034032877    4.8070995539717e-07    1.9974715333326e-05    0.00010093540917699    2.9143142581844e-05            984.0078125             15.9921875                      0          7.92333984375                      0            0.603515625          0.20068359375                      0                      0               0.015625          0.00341796875                      0                      0           88.603515625           0.0185546875        950148.53710938         4500.001953125
                      0                   22.5                   2048                   1000     0.0023811897871178    5.8406066403283e-05    7.3642146969366e-05                      0    0.00044569193847543     0.0016021463940472    5.8680679679846e-05    5.0655207025407e-05     4.255760644245e-05    2.8810138677393e-05    5.8190004925684e-06    3.1609106447839e-06    5.1562500935631e-09    9.4752549064658e-06    3.5772937057033e-08    3.7492674298534e-08    4.6503914941098e-08                      0   -1.1207087867948e-05   -5.5446139171078e-05    5.5929208819805e-08    3.5597656822262e-08    5.3233397689922e-08     2.211278937736e-08    3.2305182084968e-08    4.0624970054637e-10    1.9531487538416e-11    1.4589258379161e-07                      0                      0                      0    2.2686504889347e-05    0.00030452663332747    4.6659883768285e-05    0.00025182593214401    2.9946743338449e-06    4.8219605953026e-05    0.00081953940869672    0.00011244999218407                      0                      0                      0    1.8346701641025e-05    0.00017421414598973    2.5953976557247e-05    9.7037821770396e-05    4.8299023003295e-07    1.3132235341384e-05    9.8944168957171e-05    2.2797497065685e-05         986.3896484375          13.6103515625                      0          6.72900390625                      0           0.2880859375          0.08935546875                      0                      0            0.009765625          0.00341796875                      0                      0          74.1552734375           0.0107421875        953326.05322266          4625.45703125
                      0                     23                   2048                   1000     0.0022726933412982    3.6201413090797e-05    8.1520681159297e-05                      0    0.00039163446092871     0.0015789560078203    6.0658806138481e-05    3.0876155279191e-05    4.2907420400695e-05    3.2259170403837e-05    3.2864414114542e-06    6.0899262690484e-06    3.7177732004068e-09    6.4060375932762e-06    3.5662599984221e-08    3.6693858174175e-08    4.3634759361311e-08                      0   -1.0100336440555e-05   -7.1104763158303e-05    5.4834978779894e-08    3.5563969102981e-08    5.0417489294574e-08    2.1507810199495e-08    3.2537604166549e-08    2.3974600082965e-10    1.9531043449206e-11    9.0508799122091e-08                      0                      0                      0    2.4112662101672e-05    0.00028535924120732    3.7263008797694e-05    0.00025815497656811    2.8673061582829e-06    3.4927411129981e-05    0.00081242939599457     0.0001442023212741                      0                      0                      0    6.8637871102339e-06    0.00012256354491491    2.7964535652902e-05     0.0001000194882943    3.0586816324174e-07     1.036766357787e-05    9.7854816399678e-05    2.0611020022709e-05         985.2705078125          14.7294921875                      0                7.28125                      0          0.76318359375          0.24267578125                      0                      0          0.01123046875          0.00244140625                      0                      0             78.6796875            0.013671875        975397.90234375         2158.833984375
                      0                   23.5                   2048                   1000     0.0025029668154297    2.8733357896105e-05    8.0178512199769e-05                      0    0.00045187567871086     0.0017377924589796    6.1164217277199e-05     1.757331933705e-05    6.2602108875875e-05    3.4343878410947e-05    7.6533554604907e-06    4.4931606444365e-06    2.0272949097233e-08    1.4678213398511e-05    3.5590329794388e-08    3.6083512178209e-08    8.6082037498159e-08                      0   -1.2792475576173e-05   -6.4952888648051e-05    7.3793934962652e-08    3.3927239240228e-08    5.0859850997398e-08    2.2589361492464e-08    3.2362808433106e-08    1.7089796244818e-10    2.9297009263018e-11    1.0055954557942e-07                      0                      0                      0    3.0512888668177e-05    0.00037104741551319    5.0252893553093e-05    0.00027785390672896    2.7977485310693e-06    3.8599157214048e-05    0.00084574156837114    0.00013141300192521                      0                      0                      0      1.63544116214e-05    0.00015288659423174    3.0670900382557e-05    0.00012253366698012    2.8824511888459e-07    1.6430940434464e-05    9.1082390619501e-05    2.5972161606713e-05          986.427734375           13.572265625                      0             6.76171875                      0          0.61572265625            0.166015625                      0                      0          0.01318359375             0.00390625                      0                      0         75.38330078125           0.0146484375        982888.53662109        1514.0922851562
                      0                     24                   2048                   1000     0.0030389397822286     3.082626123696e-05    8.5286471185775e-05                      0    0.00060115416259787     0.0020619533012805    8.0791771969402e-05    4.9698200684567e-05    6.7475134772899e-05    2.6963766121213e-05    1.5490586912303e-05    4.2075039061729e-06    3.9819338937264e-09     1.300260057624e-05    3.5869132997135e-08    3.7493655291598e-08    4.4738772242425e-08                      0   -2.2745286138548e-05   -0.00012143630222106    6.0045883376603e-08    3.7297361643596e-08    5.9571283905768e-08    2.1863267640754e-08    3.3336916338556e-08    1.5136691899897e-10    1.9531043449206e-11    1.2810497063143e-07                      0                      0                      0    3.9525543446661e-05    0.00042500993797745     5.670906640276e-05    0.00034036375245394    3.5852592730201e-06    5.4743624025466e-05    0.00096682925538172     0.0002445779858391                      0                      0                      0    2.9182766114744e-05    0.00020535886621564    4.5428027341643e-05    0.00016516310107484     5.027910305877e-07     1.569011768332e-05      0.000117296188475    4.5885220704367e-05           985.14453125            14.85546875                      0           7.3291015625                      0          0.51708984375           0.1689453125                      0                      0           0.0166015625          0.00439453125                      0                      0          81.0556640625             0.01953125        955310.24804688          3993.42578125
                      0                   24.5                   2048                   1000     0.0034634178164046    6.9122402831301e-05    0.00010500958593607                      0    0.00067295438721349     0.0022527092168017    7.8336046886562e-05    7.6367320802628e-05    0.00010894013183416    6.6880271010206e-05    8.0966782229908e-06    4.3426606444186e-06    3.8696290616258e-09    1.8605267082528e-05    3.6764160160629e-08    4.6746098547601e-08    4.4749023597745e-08                      0   -2.6005792472361e-05   -8.8624155267336e-05    5.7078127113641e-08    3.6705564365747e-08    5.8030266814058e-08    2.2590814996448e-08    7.4691890006306e-08    3.9648417882177e-10    1.5136780717739e-11    9.7556639211405e-08                      0                      0                      0    5.6443599132816e-05    0.00054424653956398    6.4350241697042e-05    0.00034920804297256    2.4858412928097e-06    6.9111931147336e-05     0.0010271164951194      0.000178882413576                      0                      0                      0    2.0204884759512e-05    0.00025416727734529    3.0215126463951e-05    0.00015342082861869    4.8223340165521e-07     1.783271484479e-05    0.00016022410790884    5.2467203122131e-05        984.17529296875         15.82470703125                      0              7.7265625                      0          0.23291015625            0.076171875                      0                      0           0.0087890625          0.00244140625                      0                      0          86.3759765625           0.0048828125        950758.86767578             4741.65625
                      0                     25                   2048                   1000     0.0023344689125935    3.1065157716448e-05    7.8893518554946e-05                      0    0.00039880914990809      0.001664384832992    5.2756456069947e-05    2.3967307608785e-05    4.1351970688552e-05    2.3704624506848e-05    4.3214921907619e-06    4.3664892581674e-06    4.9262696144581e-09    8.6848701248421e-06    4.1923337246175e-08    3.8592794293635e-08    4.4678718502666e-08                      0   -1.0455840325552e-05   -7.3081400883357e-05    5.6401849857224e-08    3.6180159757038e-08      5.48281300361e-08    2.1333972366477e-08     3.249706992392e-08    2.2998047910505e-10    1.9531043449206e-11    9.3480941210089e-08                      0                      0                      0    2.3125105939936e-05    0.00033500834911315    3.8740960452976e-05    0.00024470347949901    2.7759326171051e-06    7.1658336409097e-05    0.00082401597558412    0.00014772506151139                      0                      0                      0    1.3716926747787e-05    0.00013508625683611    2.5021473137432e-05    9.7856743165092e-05    5.9011524200514e-07    3.5417510747315e-05    7.4309168459852e-05    2.1360027342876e-05        984.80810546875         15.19189453125                      0          7.40478515625                      0          0.16748046875           0.0654296875                      0                      0          0.00537109375          0.00146484375                      0                      0         80.35986328125           0.0048828125        939814.54736328        7149.2524414062
                      0                   25.5                   2048                   1000     0.0019559384765566    4.0625665032934e-05    6.1927682602825e-05                      0     0.0003156303925782     0.0013823138056579    5.0195608904957e-05    4.3968120126969e-05    2.5839923821547e-05    2.3457950678374e-05    1.5189277506877e-06    4.4711318363255e-06     3.991699415451e-09    4.1146465026287e-06    3.5267096798464e-08    3.6364266264854e-08    4.3004397376478e-08                      0   -6.8248676927674e-06    -5.399922459226e-05    6.2501970710116e-08    3.5011225030246e-08    5.4906243107666e-08    2.0797364719272e-08    3.2617672118818e-08    2.6904256600346e-10    1.9531043449206e-11    8.5840816677063e-08                      0                      0                      0     2.774415576301e-05    0.00027158701073704    3.5133142568977e-05    0.00018730439989945    3.0953500962383e-06    9.0091822754879e-05    0.00066705545801238    0.00010968026170577                      0                      0                      0    5.2509082149044e-06    0.00011328550976897     2.021609375058e-05    8.3762440917567e-05    5.3731640692334e-07    2.1416394535567e-05    5.2115564945332e-05    1.4023733894586e-05        986.24267578125         13.75732421875                      0          6.71728515625                      0            0.345703125          0.10595703125                      0                      0           0.0068359375            0.001953125                      0                      0         71.65966796875              0.0078125        936603.87060547        7843.2045898438
                      0                     26                   2048                   1000     0.0017828557338815    2.0671362297886e-05    6.5675100589857e-05                      0    0.00030929769725452     0.0012278623774526    2.3472631851096e-05    1.4854334460246e-05     6.677011181333e-05    4.0323996578717e-05    2.6374516695071e-06    4.8031918948865e-06    3.5224609895579e-09    4.5722597845632e-06    4.4878420091266e-08    6.7279773308115e-08     7.315527694729e-08                      0   -5.0181557860185e-06   -2.9111037597396e-05    6.4898422191817e-08    3.4338866861106e-08    6.9356931309272e-08    2.2755859419021e-08    3.2397939442319e-08    1.5136691899897e-10    1.4648726676114e-11    8.2941903567502e-08                      0                      0                      0    2.0493076642758e-05      0.000311682281251    3.9788854978351e-05    0.00019072337255244    2.7510312592405e-06    5.9420786627573e-05    0.00053708487988269    6.0019403813172e-05                      0                      0                      0    7.3101679700649e-06    0.00010019065869127    1.7533214352383e-05    0.00010184458447338    5.4618555100916e-07    1.7423913089232e-05    4.9164969725179e-05    1.0525966319008e-05        986.66259765625         13.33740234375                      0          6.51220703125                      0            0.380859375          0.12744140625                      0                      0          0.01416015625          0.00341796875                      0                      0          71.5439453125               0.015625         933060.7109375         8847.447265625
                      0                   26.5                   2048                   1000     0.0020791344916891     3.727268310616e-05    6.7341091297468e-05                      0    0.00042971300683758     0.0014129213749849     3.537250392105e-05    2.7262405260409e-05    2.6220850600112e-05    2.7584423833549e-05    1.7105361327374e-06    4.8116459963055e-06    3.8793945833504e-09    6.9458886851059e-06    3.5279298149504e-08    3.6062013375471e-08    4.3605955291071e-08                      0   -6.1199902523512e-06   -6.2257962913925e-05    7.0721187128697e-08    3.4590805331192e-08    5.4882324906913e-08    2.1019520790588e-08     8.430078457522e-08    1.3183587554977e-10    1.4648726676114e-11    9.6031254948059e-08                      0                      0                      0    1.1173202643988e-05    0.00023918911619702    3.8177853030952e-05    0.00021975677588593    2.7578910937187e-06    6.9947072268484e-05     0.0007198396137631     0.0001260770571343                      0                      0                      0    2.6091285639573e-05    0.00020013396289142    2.2564089843691e-05    0.00010178940918193    5.7232568639876e-07    1.8023265135447e-05    6.1421616700308e-05    1.2590508807087e-05            984.2890625             15.7109375                      0           7.6552734375                      0            0.396484375          0.13134765625                      0                      0             0.01171875          0.00244140625                      0                      0         83.33251953125            0.013671875        925212.77539062        11465.983398438
                      0                     27                   2048                   1000     0.0021862599658209    2.1346815920253e-05    6.3956332518877e-05                      0    0.00044751595898784     0.0015311944379821    4.1773810055545e-05    1.8147808112712e-05    2.2958024430419e-05    2.5122477548045e-05    1.2270302667261e-06    4.2855249025031e-06    3.1210936057846e-09    6.6808261593998e-06    3.4617208655163e-08    3.6138667613983e-08    4.1144520679381e-08                      0   -3.9728227512192e-06   -6.2848608420207e-05    5.5502924922735e-08     3.489159983161e-08    5.5217283190245e-08    2.1227538393731e-08    3.2003891980992e-08    3.6669911551712e-10    1.9531487538416e-11    9.4384789317559e-08                      0                      0                      0    2.3960710453075e-05    0.00029353986913261    3.8807072747726e-05    0.00021513498926762    3.2937866136784e-06    6.5401225107564e-05    0.00077274046579667    0.00012716807861812                      0                      0                      0    1.5322812978891e-05    0.00012375889843996    2.0241611324856e-05    0.00018675069531371    5.6206005538684e-07    1.6598890617114e-05    6.9719945320124e-05    8.3272763684583e-06         986.1650390625          13.8349609375                      0           6.8251953125                      0          0.53759765625          0.18701171875                      0                      0           0.0107421875          0.00341796875                      0                      0         73.74365234375           0.0107421875        921358.84326172        11457.915039062
                      0                   27.5                   2048                   1000     0.0038080784130896    6.5290220211178e-05    0.00010193004297099                      0    0.00092755198633077     0.0024308547812333    8.5297459468947e-05    4.7888184065759e-05    6.5996109865907e-05    4.4022455569337e-05    1.7875022953362e-05    5.5781645511566e-06    4.9165036486443e-09    1.3613503904608e-05     3.650635571617e-08    5.8070811714828e-08    4.6566408062887e-08                      0   -9.4106352519496e-06   -7.9332062027593e-05    5.8185074980344e-08     5.592188268011e-08    6.1422858355087e-08    2.3177247676642e-08    3.2821773299219e-08    4.0087888564244e-10    2.4414248400717e-11    1.2832519891148e-07                      0                      0                      0    5.6807331549447e-05    0.00056778897070808    5.6625327161441e-05    0.00041241794823543    1.0173386728152e-05    9.6013840795273e-05    0.00099053161672114    0.00016027516600614                      0                      0                      0    6.4636006835705e-05    0.00052128149560726    5.8112325199033e-05    0.00013063430420024    6.2732030903234e-07    2.6129395508612e-05    9.7837985838733e-05    1.9240798827536e-05          984.568359375           15.431640625                      0           7.4970703125                      0           0.5107421875          0.15673828125                      0                      0          0.01806640625          0.00634765625                      0                      0          85.9208984375             0.01953125        918172.97753906        11583.064453125
