                my_rank                   Time                N_steps             N_real_loc            Total                  PP_single              PP_cluster             PP_cross               Tree_NB                Tree_Force             Force_corr             Kick                   FindCluster            CreateGroup            MPI_comm               Output                 Status                 Other              Bar_Total              Bar_PP_single          Bar_PP_cluster         Bar_PP_cross           Bar_Tree_NB            Bar_Tree_Force         Bar_Force_corr         Bar_Kick               Bar_FindCluster        Bar_CreateGroup        Bar_MPI_comm           Bar_Output             Bar_Status             Bar_Other                  Sample_ptcl            Domain_deco            Ex_ptcl                SetRootCell            Make_LT                Make_LET               Make_GT                Make_Group             Make_I_list            Calc_force             Write_back             Sample_ptcl            Domain_deco            Ex_ptcl                SetRootCell            Make_LT                Make_LET               Make_GT                Make_Group             Make_I_list            Calc_force             Write_back             PP_single              PP_cluster             PP_cross               Cluster                Cross                  AR_step_sum            AR_tsyn_sum            Stab_Ngroup            Iso_Ngroup             Form_Ngroup            End_Ngroup             Modf_Ngroup            Merg_Ngroup            H4_step_sum            H4_no_NB               Ep-Ep_sum              Ep-Sp_sum  
                      0                    0.5                   4096                   1000     0.0036719758850041    6.1225583251279e-05    9.1418196290105e-05                      0    0.00065524391845484     0.0024544556645389    0.00015480322167738    7.5810275636856e-05    7.3385692376027e-05    8.0424189200956e-05    8.9112688044235e-06    2.8586843261458e-06    1.4748533505582e-09    1.1562709969271e-05    3.8318859196806e-08       4.0994869277e-08    1.1161793178616e-07                      0   -1.8931427243407e-05   -0.00014531755591274    7.2017579677564e-08    3.9200433565867e-08    7.4514411307902e-08    2.5461420083417e-08    3.2823246343128e-08    9.5214724993298e-11    7.3241412934522e-12    1.7410694774789e-07                      0                      0                      0    8.2775564689941e-05     0.0005830438684018     6.362636963364e-05    0.00038046409081915    3.8658925685109e-06    8.4075539299233e-05     0.0010341469230875    0.00029318649682586                      0                      0                      0    3.1187285643774e-05    0.00021136462939264    3.0000412840181e-05    0.00019545892041162    5.8701636040936e-07    2.1479909184441e-05    0.00011681382641582    3.8359938964838e-05        982.89868164062        17.101318359375                      0         8.449951171875                      0         0.396728515625          0.14501953125                      0                      0          0.01513671875          0.00439453125                      0                      0        79.701904296875           0.0185546875        940612.65014648        9533.5388183594
                      0                      1                   4096                   1000     0.0026789362670894    3.6311986818527e-05    8.2993587163793e-05                      0    0.00049708643920754     0.0018475069243207    5.7823817139591e-05    3.1159158694338e-05    4.7689464598655e-05    6.5433706299745e-05    2.5398652334641e-06    2.3370571289316e-06    2.3164061779823e-09    5.9384672956853e-06    3.7085689186256e-08    3.7088382587314e-08    4.3799064375349e-08                      0   -1.1581836669938e-05   -6.6921262209751e-05    5.8343736064614e-08    4.6328124225781e-08    5.4719464515074e-08    2.3786138170223e-08    8.3904038827853e-08    1.2963830009483e-10    2.4414248400717e-11    1.0161669794506e-07                      0                      0                      0    3.2337763679946e-05    0.00034280293627864    4.8086561531324e-05    0.00029391696069414    3.2972229073724e-06    6.9046286133911e-05     0.0008913101601673    0.00013586862035808                      0                      0                      0    2.6845519296659e-05    0.00015861129419426    2.4556807861398e-05    0.00012054492578017    5.9797973217535e-07    2.1159217778344e-05    0.00010012705151019    2.3655245119381e-05        982.18676757812        17.813232421875                      0         8.694580078125                      0             0.07421875         0.026123046875                      0                      0          0.00341796875         0.000732421875                      0                      0          87.8115234375          0.00341796875         940868.4128418        9211.7060546875
                      0                    1.5                   4096                   1000     0.0030285729794979    2.8474079838858e-05     7.688637402925e-05                      0    0.00058534606494409     0.0020816091052183    5.9588635498597e-05    2.8152804937287e-05    7.3216050285652e-05    8.1037004635798e-05    1.8721303634006e-06     3.435357421866e-06    3.2238769431814e-09    7.1821013083451e-06    4.5905272694213e-08    6.3494143498488e-08     4.911914253114e-08                      0   -1.3626733882388e-05    -6.112965017091e-05    6.3570543051839e-08    3.5392577535376e-08    4.9098382026713e-08    3.0540278084246e-08     3.236523449246e-08     1.711424335582e-10    7.3243633380571e-12    1.7302759025561e-07                      0                      0                      0    4.9361927490388e-05    0.00037849716088911    4.8788992923265e-05    0.00030992204614333    4.0876923870226e-06    8.1422377930185e-05    0.00099171457324032    0.00012447138233895                      0                      0                      0    4.0669499772328e-05    0.00018823613622065    2.2439544195896e-05    0.00013486471533009    7.5052099002271e-07    2.3772017082591e-05    0.00010407121338263    2.7792874021326e-05         983.1337890625          16.8662109375                      0          8.29638671875                      0          0.24755859375           0.0751953125                      0                      0          0.00927734375         0.002685546875                      0                      0          84.0498046875           0.0107421875        926670.73974609        13397.240966797
                      0                      2                   4096                   1000     0.0029340823400867    3.3107405025268e-05    6.7776860843693e-05                      0     0.0005539469765603     0.0020856261005899    3.6957677499672e-05    2.3463705316695e-05    3.7765872547668e-05     8.315990429475e-05    3.1604440944299e-06    1.9102414550165e-06    1.5532226615989e-09    4.4081345291769e-06    3.6257568947207e-08    3.6668703629061e-08    4.2552235957061e-08                      0   -8.4375207476395e-06   -5.4187759028546e-05    5.4464837084822e-08     3.463818565308e-08    4.2650874165773e-08    2.5338871223468e-08    3.2276119998897e-08    1.4672840720209e-10    7.3243633380571e-12    1.1503978880611e-07                      0                      0                      0    4.6821356188609e-05    0.00042533656078958    4.9305314942405e-05    0.00030753848534704    3.0447971153258e-06     7.511730981169e-05    0.00094978755835329    0.00011047760155858                      0                      0                      0    3.5141231210511e-05    0.00015581293481537    2.9499130118626e-05    0.00013455175830024    6.4914502040381e-07    2.4010958734166e-05    9.9396028567567e-05    1.7403198728561e-05         986.0927734375          13.9072265625                      0         6.748779296875                      0         0.069580078125         0.025634765625                      0                      0         0.003662109375         0.000732421875                      0                      0           68.072265625          0.00439453125        933516.32885742        11526.221923828
                      0                    2.5                   4096                   1000      0.002678191800773    3.7137841553125e-05    8.2801231455765e-05                      0    0.00050013213573608     0.0018329577019056    5.5799174554449e-05    4.1075439940474e-05    4.8637336185209e-05    6.0226969964328e-05    4.4280847211198e-06     2.911045898335e-06    2.1916504167052e-09    1.0035184816459e-05    4.1957759266964e-08    4.5163084161359e-08    4.9591551753991e-08                      0   -9.1972495201986e-06   -6.7463505854848e-05    5.7691885491096e-08    6.0845944949151e-08    4.6049811297522e-08    2.4115735408614e-08    3.7493654181375e-08    2.4951174459886e-10    7.3243633380571e-12    1.2714061647934e-07                      0                      0                      0      4.02757382858e-05    0.00038090932837065    4.5015919182267e-05    0.00028420061840806    3.8341132793107e-06    6.8197671644787e-05    0.00084434455125248     0.0001373366477091                      0                      0                      0    2.9011005609592e-05    0.00016854891162477    2.5174386967253e-05    0.00013140260864297    5.4115893211026e-07    2.2246396481629e-05    8.5758038089745e-05    1.8852467291719e-05         981.7119140625          18.2880859375                      0         8.934814453125                      0            0.294921875          0.10693359375                      0                      0         0.014892578125         0.004150390625                      0                      0        90.743408203125          0.01611328125        939676.93261719        9171.2990722656
                      0                      3                   4096                   1000     0.0031436520439452    5.1682961435207e-05      7.95409194283e-05                      0    0.00061776867603158     0.0020704568388643     0.0001003833806148    8.6959656256713e-05    7.6725805904898e-05    4.4403447751362e-05    3.7005280872915e-06    2.4749675293645e-06    1.5727539270927e-09    7.6319831547877e-06    3.7614017234233e-08    3.8836914573182e-08    4.9528564360912e-08                      0   -2.1337585453862e-05    -0.0001147985673684    6.8624007365514e-08    4.3371346070131e-08    4.7499517430438e-08    2.2911619934618e-08    3.3002678812011e-08    1.1743184202828e-10    7.3241412934522e-12      1.16680666018e-07                      0                      0                      0    4.2425073250918e-05    0.00048485236084561    6.2004778573987e-05    0.00033353481469045    5.9700395411699e-06    7.8066795408782e-05    0.00088595723779106    0.00023159746898194                      0                      0                      0    2.3577249987694e-05    0.00025142955029867    3.0858527842792e-05    0.00015883875634493     5.020991213911e-07    2.2452524651495e-05    0.00010313641894699    4.3180994389713e-05        984.45947265625         15.54052734375                      0          7.69677734375                      0          0.19580078125          0.07275390625                      0                      0            0.009765625         0.001708984375                      0                      0         73.64501953125          0.01318359375        953431.45605469        6940.9948730469
                      0                    3.5                   4096                   1000     0.0030639199418974    7.0081279781142e-05    9.3726558108909e-05                      0    0.00054858379711797     0.0020133126088981    0.00013410805078307    8.4780440432919e-05    6.2270857668079e-05    3.9843074222778e-05    4.9466408711396e-06    2.1732988280121e-06    1.9985351151774e-09    8.2847553666276e-06    5.6458998365372e-08    4.8652103235014e-08    4.3827394380358e-08                      0   -1.2236365480867e-05   -0.00013648913937359    7.0527589324243e-08    5.4175059105432e-08    4.9207525165684e-08    2.1533441474375e-08    3.2348630440993e-08     1.049802467179e-10    7.3241412934522e-12     1.224702121938e-07                      0                      0                      0    4.9479158447996e-05    0.00058572341331553    5.6440618900533e-05    0.00026214823828208    2.5067392450673e-06    5.5974427727756e-05    0.00081859895191183    0.00027477936937759                      0                      0                      0    2.2380088858354e-05    0.00025103272021143    2.1387838371467e-05    0.00014359504223194     4.115439553587e-07    1.7850369382399e-05    7.7710543217258e-05    2.5060858150683e-05            985.1640625             14.8359375                      0         7.312744140625                      0         0.317138671875         0.113037109375                      0                      0          0.01513671875             0.00390625                      0                      0              70.890625           0.0205078125        964439.50341797        4275.5419921875
                      0                      4                   4096                   1000     0.0027213382260693    4.3955616445324e-05    7.5927719478397e-05                      0    0.00043935624462788     0.0018784900632365    0.00011138651148013    6.4052430423178e-05    5.3144825203688e-05     3.990722241487e-05    3.5396784727748e-06    1.9857922362032e-06    2.0471191408689e-09    7.8894523980466e-06     3.657984182226e-08    4.5882324606339e-08    4.8465340407589e-08                      0   -1.0387547612734e-05   -0.00011711784594159    7.7809818588293e-08     1.507998086403e-07    7.5513915787084e-08    2.2111576347683e-08    3.2399414928719e-08    1.3452150504634e-10    1.2207124200359e-11    9.5539544497925e-08                      0                      0                      0    4.7756561762258e-05    0.00045185818018845    6.3512842772617e-05    0.00030550335230606    3.0575070797401e-06    6.1203049056102e-05    0.00078278183886327     0.0002387841113245                      0                      0                      0    1.8664099614929e-05      0.000150225760986    2.8580418948376e-05    0.00014038210278411    4.0502759679484e-07    1.9758757324739e-05    6.6094142333162e-05    2.1203885988141e-05        983.73095703125         16.26904296875                      0         8.027587890625                      0              0.2734375         0.101806640625                      0                      0           0.0107421875           0.0029296875                      0                      0         80.98291015625           0.0126953125        958701.11230469        6209.6633300781
                      0                    4.5                   4096                   1000     0.0028397797656214    5.1052580569033e-05    7.9867256353783e-05                      0    0.00047849712596881      0.001945187079095    0.00010914925170735     6.520332104798e-05    5.0163701908801e-05    4.3673814694722e-05    5.0792558723423e-06     2.563106445308e-06     1.829589812985e-09    7.6356352589624e-06    4.2700432079101e-08    3.9469973067696e-08    4.3257083914838e-08                      0   -1.2654619411467e-05    -0.0001321360173423     9.395263100842e-08    3.8844490291012e-08    5.0055666500626e-08    3.0297606645746e-08    3.2599119181853e-08    1.2475576127713e-10    7.3241412934522e-12     1.067141006672e-07                      0                      0                      0    4.8915847419284e-05    0.00038243055224108    4.8503654287879e-05    0.00026080335472822    4.3030300174163e-06    6.9012244874322e-05    0.00092280046386661    0.00026641665430271                      0                      0                      0    3.0357600338649e-05    0.00015149129419023    2.4266632078662e-05    0.00013334909521578    4.4118750164301e-07    2.0674614987781e-05    8.4356757317661e-05    2.5803316415773e-05          981.130859375           18.869140625                      0         9.296630859375                      0          0.22705078125            0.080078125                      0                      0         0.009521484375         0.002685546875                      0                      0        92.238525390625          0.01220703125        940567.77563477        9414.6669921875
                      0                      5                   4096                   1000     0.0027920459946433     4.511480981062e-05    7.8572343746863e-05                      0    0.00051257805591298      0.001894706349125    7.9597100835382e-05    4.6278791996146e-05    3.9164552741333e-05     7.726184325807e-05     4.584881346581e-06     2.971490966841e-06    1.7219237147259e-09    9.4996665012115e-06    3.6099365496867e-08    3.6932862101935e-08     4.303785128279e-08                      0   -5.9400834915291e-06   -8.2445159167222e-05    5.7259991415037e-08    3.5679926124743e-08     4.785668772378e-08    2.4456782155013e-08    3.2247322589996e-08    1.6625989474051e-10    1.4648504631509e-11    1.1485863793403e-07                      0                      0                      0      5.80572893083e-05    0.00035638651076564    4.1119140133494e-05    0.00027220284375162     2.702602537541e-06     6.650021727661e-05    0.00088242617041057    0.00016681330931934                      0                      0                      0    5.1422422115088e-05    0.00016430745361395      3.02126735785e-05    0.00012484838915583    5.4731201748481e-07    1.9990346195042e-05     5.997044237982e-05    1.2360657716481e-05        983.29467773438        16.705322265625                      0         8.201416015625                      0           0.1904296875          0.06689453125                      0                      0         0.008544921875         0.002197265625                      0                      0         83.11474609375          0.01025390625        911911.28393555        14386.120117188
                      0                    5.5                   4096                   1000     0.0028201608618283    3.1307957517157e-05    8.1572377677253e-05                      0    0.00052759284619519      0.001941324325206    5.8087541749074e-05    3.4624174559683e-05    4.6321086179857e-05    8.6013006342478e-05      1.96781640871e-06    2.3770473631668e-06    1.8051757866289e-09    7.1569152964024e-06    5.9007809305456e-08    3.6832030092526e-08    7.4511484982054e-08                      0   -1.0868877921233e-05   -7.7746116684319e-05    6.2303473047365e-08    3.6685791293678e-08    4.4270747956432e-08    2.4824708289017e-08    3.6182132401308e-08    7.5683681544092e-11    7.3243633380571e-12    1.0959571006275e-07                      0                      0                      0    5.2354697017254e-05    0.00035225312792075    4.8510763430265e-05    0.00031065995287816    2.9192131358879e-06    7.0189144515398e-05    0.00084346738380159    0.00015957137108957                      0                      0                      0    4.1972206544783e-05     0.0001653598222664    2.9577878415399e-05    0.00012592729832894    6.7570922679394e-07    2.3224769044594e-05     6.185174414064e-05    2.2251280027641e-05        981.66748046875         18.33251953125                      0          9.01513671875                      0           0.3681640625         0.128173828125                      0                      0          0.01123046875         0.003173828125                      0                      0          90.7060546875            0.009765625        900099.54907227        14971.916015625
                      0                      6                   4096                   1000     0.0052760483005339    8.0969140868747e-05    9.1349534426355e-05                      0     0.0016077525678715      0.003039917795175     9.505056762471e-05    9.4971649890585e-05    8.1735128421689e-05    0.00013609966089123    1.8189840577554e-05    2.1136374510622e-06    1.7194823342948e-09     2.593587989308e-05    4.8357658988252e-08     3.856152841486e-08    6.6601564263635e-08                      0   -8.8522128915969e-06   -8.0989752915261e-05    6.3955074125488e-08    3.7315432521723e-08     6.563818333305e-08    2.6802735142439e-08    3.3114979425264e-08    1.1010747869022e-10    9.7655217246029e-12    1.4621483113153e-07                      0                      0                      0    0.00011688399023058     0.0011932538364301    8.2824166992568e-05    0.00056669782739993    6.2781691871905e-06    8.3536991211997e-05    0.00075602222362958    0.00016415265234082                      0                      0                      0    9.6194660405002e-05    0.00084008476635611    7.1116088622869e-05    0.00049763298242533    6.9328686480574e-07     2.406094384666e-05    5.3577371089242e-05    1.8289099365187e-05        982.37768554688        17.622314453125                      0         8.627197265625                      0         0.416259765625         0.142822265625                      0                      0         0.012939453125             0.00390625                      0                      0        83.439208984375          0.01318359375        902359.48901367        14940.324951172
                      0                    6.5                   4096                   1000     0.0026534248530226    3.3494087162689e-05    7.2357769545617e-05                      0    0.00052465084375108     0.0017999324418865    3.5452248287049e-05    2.2233741701516e-05    4.0741023676683e-05    0.00010758915941689    3.9750024487528e-06    1.8225078124434e-06    1.6977539374352e-09    9.1131823991564e-06     4.772461559277e-08     3.655395741653e-08    4.8094232374396e-08                      0   -4.5195624958083e-06   -4.2206023682878e-05    5.4489749823361e-08    3.9342530566699e-08    6.4656242360073e-08    2.6843266720533e-08    3.2194820143161e-08    1.7626966553053e-10    7.3241412934522e-12    1.2347289901626e-07                      0                      0                      0    5.5721802248776e-05    0.00038346506054965    4.5182214832407e-05    0.00027580817871353    3.7950532310038e-06    7.3599505377109e-05    0.00071018543114976    8.6626468500661e-05                      0                      0                      0    4.7150105954685e-05    0.00017334339086594    2.4367587892815e-05    0.00013018086938188    7.3862402305558e-07    1.7160345944012e-05    4.1771936283519e-05    9.6431718688006e-06        984.48193359375         15.51806640625                      0          7.57275390625                      0         3.748779296875         3.553466796875                      0                      0         0.010986328125           0.0029296875                      0                      0         72.74365234375            0.009765625        899331.39135742        14077.149902344
                      0                      7                   4096                   1000     0.0025710666438001    4.0903853034679e-05    7.6013563228505e-05                      0    0.00048829492382807     0.0017495169514103    6.2284248294242e-05    4.0121184321285e-05    4.4549426770013e-05    5.5278452634644e-05    3.7790224669543e-06    1.5673493651835e-06    1.8664549905623e-09    6.5660229506825e-06    4.5022956252083e-08    4.0000235568272e-08    4.5943604698451e-08                      0   -7.6910239203976e-06    -5.952539845544e-05      6.21596714101e-08    4.6322018443234e-08    4.7109624423669e-08    2.6702391187072e-08    3.2829831075887e-08    1.0522471782792e-10    7.3241412934522e-12    1.1819678635838e-07                      0                      0                      0    3.5741249021282e-05    0.00041590504491484    4.7561405990493e-05    0.00028411558764296    3.5257507338127e-06    6.6025689698268e-05    0.00074981547875108    0.00012128383813925                      0                      0                      0    2.0039553951801e-05    0.00018163319238029    2.5271222903633e-05    0.00013396743579697    7.3220922702788e-07    1.7105031495657e-05    6.9140225331443e-05    1.5925696290608e-05            983.7421875             16.2578125                      0             7.94921875                      0          0.35595703125         0.128662109375                      0                      0          0.01123046875          0.00341796875                      0                      0        80.857177734375           0.0107421875        899225.17041016        12197.143554688
                      0                    7.5                   4096                   1000     0.0021626385844702    4.0103114989254e-05    8.3767464115203e-05                      0    0.00038251683545432     0.0015037154555642    3.1749577626972e-05    2.3367873780433e-05    4.7651616461808e-05    3.6135985106878e-05    1.8047202163807e-06    2.7267600097858e-06    2.5290527450039e-09     7.033008551538e-06     4.653246832298e-08    3.7793457030588e-08     4.734009317886e-08                      0   -9.3486298813339e-06   -3.0692113051956e-05    5.8250253731629e-08    3.4495366119103e-08    4.5551509231245e-08    2.3473637478233e-08    3.2189459542309e-08    7.3486328133754e-11    9.7657437692078e-12    1.3751562666364e-07                      0                      0                      0    2.5214450922739e-05    0.00028810400682566     4.475825951622e-05    0.00024754581517517    4.8612546426074e-06    8.2073547834849e-05    0.00067819294312477    6.3513364997547e-05                      0                      0                      0    1.2698738524053e-05    0.00012559839307236    2.0535464594573e-05    9.9780314693154e-05    7.7101562534487e-07    1.7107659910254e-05    5.9030247317349e-05    1.9322071293182e-05        982.70141601562        17.298583984375                      0         8.440673828125                      0          0.13623046875          0.05322265625                      0                      0         0.004150390625          0.00146484375                      0                      0          87.9248046875          0.00341796875        889511.84594727        15977.394042969
                      0                      8                   4096                   1000     0.0027453327722191    4.4277649658309e-05    8.2463178226133e-05                      0    0.00048726198559113     0.0018943966445406    7.7471225571113e-05    4.5618119876689e-05    6.1812045895948e-05    3.5848400145921e-05    3.8780754465506e-06    1.6413249512848e-06    1.7170409538636e-09    8.8283400796474e-06     4.593237878936e-08    4.7522701773772e-08    5.1831781533451e-08                      0   -9.0814589897015e-06   -9.1162618387264e-05    5.4266040616646e-07    3.8545158620451e-08    7.2834222875073e-08    2.2910399799514e-08    3.2892579548971e-08    1.2695311468747e-10    7.3243633380571e-12    1.1023707480184e-07                      0                      0                      0    4.2686099355427e-05    0.00043110072143993    5.5792988524983e-05    0.00030362147215657    3.9687995583293e-06    8.1591091314781e-05    0.00082936200439576    0.00018434713866977                      0                      0                      0    1.9750896478765e-05    0.00018124164428368    2.5472736818966e-05    0.00013181407032059    7.5567846291591e-07    2.5073127926989e-05    8.2181333738829e-05    1.8720291989016e-05        985.39721679688        14.602783203125                      0          7.13916015625                      0         0.147705078125         0.056884765625                      0                      0         0.004638671875         0.001220703125                      0                      0         72.03173828125          0.00537109375        901090.07983398        13429.488525391
                      0                    8.5                   4096                   1000     0.0026689381013221    2.9917253656198e-05    7.3998580314427e-05                      0    0.00048581506664847     0.0019233032963821    4.1154468506832e-05    2.2232333259264e-05    3.4165283697707e-05     4.372830639543e-05    2.9338632683285e-06    2.3540400391209e-06    1.7221679637913e-09    7.3943652267872e-06    4.6724609070736e-08    5.6581781926468e-08    4.3798584092869e-08                      0   -7.3959890187769e-06   -6.6639101814703e-05    7.6135730386895e-08    3.5581299462351e-08    4.4236086349514e-08    3.0708006359959e-08    3.2291503027082e-08    2.4926749553345e-10    7.3241412934522e-12    1.2146800698609e-07                      0                      0                      0    4.6995291996588e-05    0.00040409319457457    5.2327600836177e-05     0.0003039255022057    3.6703159167484e-06    9.0054838129072e-05    0.00082963912891354    0.00013531444116488                      0                      0                      0    2.3950274423479e-05    0.00016018479076974    2.3784060545484e-05      0.000143101290772    1.8724848567242e-06    2.3769098385751e-05    6.1389881342855e-05     1.532408862448e-05        986.07861328125         13.92138671875                      0          6.76220703125                      0         0.269287109375          0.09912109375                      0                      0         0.010009765625          0.00244140625                      0                      0         67.75341796875           0.0107421875        879594.09838867        18176.112792969
                      0                      9                   4096                   1000     0.0036098777531752    4.8452770264884e-05     8.054862963669e-05                      0    0.00068362053955551     0.0025237070263726    8.3385979728456e-05    5.3548782463775e-05    6.6642207032119e-05    5.0386250481482e-05    4.0901206086463e-06    2.3283371581861e-06    1.7097168125702e-09    1.1378832767583e-05     4.694971744712e-08    5.0969231946141e-08    2.1383936577024e-07                      0   -1.1937268550755e-05   -0.00010207338060475    7.5916502195739e-08    3.8056394480179e-08    4.8689215104147e-08    2.2746587280409e-08      3.29421374623e-08    1.9311530152777e-10    7.3241412934522e-12    1.1924584519818e-07                      0                      0                      0     8.002383057204e-05    0.00057192830102037    6.7454540277234e-05    0.00043776260863559    4.7926230515305e-06    9.4866258792292e-05     0.0010251846677225    0.00020629787621829                      0                      0                      0    5.4871009525614e-05    0.00025108793017892    3.6556332035254e-05    0.00019530531738488    7.7016259525386e-07    3.0332051265569e-05    8.1766878170075e-05    2.4447543212736e-05        986.34619140625         13.65380859375                      0          6.62158203125                      0         0.262451171875         0.095458984375                      0                      0          0.01123046875         0.002685546875                      0                      0        67.587158203125          0.01025390625        880701.00976562        17726.817382812
                      0                    9.5                   4096                   1000      0.003873880914306    5.0232272713835e-05    8.6056193117301e-05                      0    0.00078645865624849      0.002650410493406     9.182151781828e-05    3.4429714359074e-05     7.903585252822e-05     6.807165039513e-05    9.0836372068637e-06    3.6856794434215e-06    1.2237548752125e-08    1.2485910644067e-05    4.0032219983388e-08    6.0925778200271e-08    4.5969719808525e-08                      0   -1.3997210216221e-05   -0.00010262406078021     6.319555456713e-08    4.4646981667285e-08    5.7223868532574e-08    2.4280026211798e-08    3.3387689057918e-08    1.4428702677094e-10    7.3243633380571e-12    1.4868724851347e-07                      0                      0                      0     9.229863181881e-05    0.00066169634520019    8.2228881847168e-05    0.00046363510963165    4.4271430659215e-06    0.00012049485669574    0.00095094245335914    0.00020776712231374                      0                      0                      0    5.7943706058161e-05    0.00032800723999338    4.2498068607566e-05    0.00019059983593306    7.7380004936956e-07    3.3037211179199e-05    6.8176187990376e-05    2.8567758303399e-05        985.56689453125         14.43310546875                      0         7.070556640625                      0         0.242919921875         0.087158203125                      0                      0          0.00830078125         0.002197265625                      0                      0         71.00048828125          0.00634765625        886576.09179688        18369.428955078
                      0                     10                   4096                   1000     0.0028360016872722    3.6870666993538e-05    6.6923074217184e-05                      0    0.00048931923242046      0.002039929659184    6.0727551992379e-05    3.6477125487933e-05    4.5236869382181e-05    4.3988578122489e-05    6.0441682092627e-06     2.142406982486e-06      2.31152341712e-09    6.2978537627156e-06    3.7553222087539e-08    3.7521242335359e-08     4.966894118219e-08                      0   -6.7905131797552e-06   -6.2426419936035e-05    5.7192869551415e-08    3.5715343571496e-08    4.2899671148788e-08     2.178588909274e-08    3.2430423457797e-08    1.7138668262362e-10    9.7657437692078e-12    1.9185766708674e-07                      0                      0                      0    7.3809756341525e-05    0.00047835763452841    4.5628054936575e-05    0.00036087163110832    3.2727233978402e-06    7.7973073475457e-05     0.0007801185251568    0.00012871964234429                      0                      0                      0     5.934352295256e-05    0.00018804253930571    1.9422892583831e-05     0.0001127701855439    5.5547094235386e-07    2.0881467527989e-05    6.1246173579832e-05    1.4086693602477e-05          984.529296875           15.470703125                      0         7.428955078125                      0         0.318603515625           0.0986328125                      0                      0           0.0087890625         0.002197265625                      0                      0        80.042724609375          0.00830078125        932338.90405273        10339.063476562
                      0                   10.5                   4096                   1000     0.0017110003659584    3.2139669439601e-05    5.6095534175515e-05                      0    0.00028035082739697     0.0012094975129398    4.9056600830211e-05    3.1743645996452e-05    2.2504879635843e-05    2.0413897701355e-05    1.5346652837422e-06    2.4604047852428e-06    1.9985351151774e-09    3.6991738348036e-06    3.6729000951752e-08    3.7260992291621e-08     4.327319103048e-08                      0   -3.5006533083415e-06   -5.2013312499932e-05     5.553784632184e-08    3.4708733887001e-08    4.0987537808235e-08    1.9818848784325e-08    3.1772216191328e-08    1.2451173425632e-10    7.5683903588697e-12    1.0749339396376e-07                      0                      0                      0     1.486244115112e-05    0.00023647384912806    3.1676464598895e-05    0.00017853544409441    1.9391792009937e-06    6.2512313479424e-05     0.0005827755766552    0.00010542506078504                      0                      0                      0    4.7566169494306e-06    0.00010041290746643    1.6849182860268e-05    7.0337287595201e-05    3.1989160365065e-07    2.0377031496155e-05    5.0717753176333e-05    7.3951982380027e-06        985.26123046875         14.73876953125                      0           7.2236328125                      0         0.289306640625         0.100830078125                      0                      0         0.009521484375         0.002685546875                      0                      0        74.352294921875              0.0078125        961803.97705078        6770.9135742188
                      0                     11                   4096                   1000     0.0018581922084999     2.909033837728e-05    6.6992030765212e-05                      0    0.00035507584228212     0.0012715711362266    4.1050872565007e-05    2.5293144047867e-05    3.1781764162853e-05    2.6993375727313e-05    2.1250246642346e-06    1.8975000000143e-06    2.3874511256849e-09    4.6357475782521e-06    3.9084967040637e-08     4.165431244374e-08    4.5007310101042e-08                      0   -4.1273613278214e-06   -4.4572484380945e-05     1.810314840256e-07    3.6315180418356e-08    5.6062745557028e-08    2.1609137812462e-08    4.2374756592523e-08    7.0800920681791e-11    7.3243633380571e-12    8.4790052756745e-08                      0                      0                      0    2.4232699215032e-05    0.00028562978858071    4.1015295401126e-05    0.00024278906958708     2.476699950904e-06    7.0140425523446e-05    0.00051484916480393    9.0713371096118e-05                      0                      0                      0    9.6698605993595e-06    0.00013236119775306    2.0363531258116e-05    0.00010065234570256    3.4333080778381e-07    2.5759454108432e-05    5.1625166505032e-05    8.7052768529272e-06        984.87280273438        15.127197265625                      0             7.34765625                      0         0.063232421875          0.02197265625                      0                      0             0.00390625          0.00146484375                      0                      0        74.580810546875           0.0048828125        971558.25952148        3459.9772949219
                      0                   11.5                   4096                   1000     0.0024778780319892    4.0148937020312e-05     7.823133349949e-05                      0    0.00050267439721963     0.0016457717311966    6.7556614003816e-05    4.5432460937578e-05     4.474403442134e-05    3.6772239990768e-05    4.8206376972448e-06    2.6541101074695e-06    6.3696290464321e-09    7.0894567767432e-06    8.0022217963105e-08    5.3210438499818e-08    4.5357186007067e-08                      0   -8.9966284182452e-06   -6.7358860368127e-05    7.1959463499027e-08     3.893212330297e-08    4.6571044354238e-08     2.182690361785e-08    3.3280517230949e-08    1.7626944348592e-10    2.6855406787263e-11    1.0133618189023e-07                      0                      0                      0    3.9082008545854e-05    0.00042999590526049    5.2045291999203e-05    0.00032645043334867    3.3626130371278e-06    7.9568145273878e-05    0.00059985599633006    0.00013676289795939                      0                      0                      0    1.5762043694467e-05    0.00017148601416617    2.8223433591545e-05    0.00016445645482954    4.3392578508161e-07    3.7369142827703e-05    6.5526644526415e-05     1.847607666039e-05            984.9140625             15.0859375                      0         7.383056640625                      0         0.218994140625           0.0810546875                      0                      0         0.009521484375          0.00244140625                      0                      0        77.903076171875          0.01025390625        972960.58349609        3004.9194335938
                      0                     12                   4096                   1000     0.0027092605861745    4.9169903811652e-05    7.3603593255367e-05                      0    0.00052445504858656     0.0017977810962067    9.2446760262987e-05    5.8306486086401e-05    5.6777577890799e-05    3.1931027831611e-05    7.5673603499027e-06    2.7964201665398e-06    2.6052249246789e-09    1.2466952147072e-05    3.7518078865872e-08    4.0415282231976e-08    5.9046380673777e-08                      0   -1.0189870124799e-05   -9.9952514145407e-05    6.4353999906785e-08    5.0634771042724e-08    4.5588136821095e-08     2.123826803313e-08    3.3014409872578e-08     8.544898122409e-11     1.000977079002e-11    1.8952443925357e-07                      0                      0                      0    3.9739580072196e-05    0.00039702679101405    4.6867425785413e-05    0.00029656979174897    3.2039191888433e-06    7.4515840823963e-05    0.00078976369897532    0.00020178009252403                      0                      0                      0    2.2527637694614e-05    0.00021891002270347    2.4916949465936e-05    0.00013393850780674    6.4172289904185e-07    2.7172460702607e-05    7.7578123767186e-05    2.0906345951976e-05        986.98022460938        13.019775390625                      0         6.339599609375                      0         0.232177734375         0.082763671875                      0                      0          0.01025390625           0.0029296875                      0                      0        64.380615234375            0.009765625        968345.77709961        4955.1040039062
