                my_rank                   Time                N_steps             N_real_loc            Total                  PP_single              PP_cluster             PP_cross               Tree_NB                Tree_Force             Force_corr             Kick                   FindCluster            CreateGroup            MPI_comm               Output                 Status                 Other              Bar_Total              Bar_PP_single          Bar_PP_cluster         Bar_PP_cross           Bar_Tree_NB            Bar_Tree_Force         Bar_Force_corr         Bar_Kick               Bar_FindCluster        Bar_CreateGroup        Bar_MPI_comm           Bar_Output             Bar_Status             Bar_Other                  Sample_ptcl            Domain_deco            Ex_ptcl                SetRootCell            Make_LT                Make_LET               Make_GT                Make_Group             Make_I_list            Calc_force             Write_back             Sample_ptcl            Domain_deco            Ex_ptcl                SetRootCell            Make_LT                Make_LET               Make_GT                Make_Group             Make_I_list            Calc_force             Write_back             PP_single              PP_cluster             PP_cross               Cluster                Cross                  AR_step_sum            AR_tsyn_sum            Stab_Ngroup            Iso_Ngroup             Form_Ngroup            End_Ngroup             Modf_Ngroup            Merg_Ngroup            H4_step_sum            H4_no_NB               Ep-Ep_sum              Ep-Sp_sum  
                      0                    0.5                   2048                   1000     0.0045534555703131    4.1766326177139e-05    8.5614971211623e-05                      0    0.00086500656005706     0.0032033209951279     9.399992823278e-05    5.0050874010665e-05    5.6761204583644e-05    0.00013279699170088    6.8115981401995e-06    3.7391269533948e-06     3.556640315594e-09    1.1805841795276e-05    3.5789532670805e-08    3.9779788352234e-08    4.8646000117003e-08                      0   -1.4827205073953e-05   -0.00010835420801358    6.3699694852204e-08    3.8312018446618e-08    8.2486335095666e-08    3.6135253900227e-08    3.2911628089494e-08    2.8320323863795e-10    1.4648282586904e-11    1.4640089007756e-07                      0                      0                      0    0.00013783009326529    0.00071963193359448    6.6139203616089e-05    0.00045708943553802     5.182253409064e-06    0.00010122016355973     0.0013889430390628    0.00021900777149453                      0                      0                      0    8.9594705071416e-05    0.00031826386767042    4.4947010745311e-05    0.00020631706836394    6.4907422148153e-07     2.872584130742e-05    0.00011506911426018    3.0194397947714e-05         987.0263671875          12.9736328125                      0            6.427734375                      0          0.05517578125          0.01904296875                      0                      0          0.00244140625           0.0009765625                      0                      0         70.58837890625           0.0029296875         909429.6953125        17019.366699219
                      0                      1                   2048                   1000      0.003443809799804    3.4446875495586e-05    7.5913957525486e-05                      0    0.00059069877246243     0.0025347510429476    5.7047052232306e-05     3.003155860215e-05    6.3520496585312e-05    3.1678596676521e-05    7.7769648396675e-06    5.1281962889504e-06    4.0605470097432e-09    9.5507846658016e-06    3.5143552068462e-08    3.9334469459362e-08    4.5729982911524e-08                      0   -1.3828679686689e-05   -6.9229032759299e-05    6.0785175115541e-08    3.7942847974648e-08    8.1431645426733e-08     2.776073992905e-08     3.241112978003e-08    2.8906255167271e-10    1.4648726676114e-11    1.4560498273752e-07                      0                      0                      0     9.538339160331e-05    0.00048095353761735    5.3668313985789e-05    0.00035535862255509    3.6901645539267e-06    9.4301870601221e-05     0.0011841938100501     0.0001405351396615                      0                      0                      0     3.416467823758e-05    0.00018667084716517    2.4749369124777e-05    0.00013803575340976    6.8222998228507e-07    2.8863445312055e-05    9.8528598135417e-05    2.8195572751688e-05          987.962890625           12.037109375                      0           5.9443359375                      0          0.38623046875            0.134765625                      0                      0           0.0068359375          0.00244140625                      0                      0             66.5390625              0.0078125        909318.12402344        16981.067382812
                      0                    1.5                   2048                   1000     0.0030644030371136     2.539531543766e-05    6.1821399904183e-05                      0    0.00051036482323541     0.0023110028017541    5.3372332036616e-05    2.6763458003565e-05    3.2738063003634e-05    3.0518542003755e-05    2.4335073449677e-06    3.2717265621152e-06    5.4692379514165e-09    4.4508329861692e-06    3.4782222435581e-08    3.8187510931209e-08    4.4524891773534e-08                      0   -7.6971953286709e-06     -5.97097260715e-05    5.8367672473025e-08    4.4670410481729e-08    7.4220695811533e-08    3.6489265831108e-08    3.1969231262252e-08    2.0556623070433e-10    1.9531043449206e-11    1.3361476147722e-07                      0                      0                      0    8.9873874010493e-05    0.00042592012156462    4.2101796388305e-05    0.00030959134862751    3.2989638678593e-06    8.8348875479483e-05     0.0010919097329118    0.00012128366747088                      0                      0                      0      3.18559926753e-05    0.00017466444580228    2.7779058596078e-05    0.00011272692334163    5.8749707632089e-07     2.172117919752e-05    7.4213544932977e-05    1.5838839352078e-05           986.41796875            13.58203125                      0          6.73876953125                      0           0.1416015625           0.0576171875                      0                      0          0.00439453125           0.0009765625                      0                      0         74.44677734375           0.0048828125        906532.29833984        18340.156738281
                      0                      2                   2048                   1000     0.0022328303994161    2.3687929205263e-05    6.2280218742217e-05                      0      0.000360923513683     0.0016380870888595    3.8462581061438e-05     3.153323437477e-05     4.094464549631e-05    2.2235651855329e-05    1.8320459074239e-06    4.0780068357726e-06    3.8842773442127e-09    7.0059052577065e-06    3.4629886069837e-08    3.7006830932995e-08    4.3519038595008e-08                      0   -1.1491006327802e-05   -4.3124220199253e-05    5.4647952829612e-08    3.5771969386644e-08    6.3791013804604e-08      2.39018538295e-08    4.5339839438441e-08    2.0556623070433e-10    1.9531487538416e-11    1.0118849669283e-07                      0                      0                      0    3.8043415025779e-05    0.00035069083544892    2.9860481436383e-05    0.00023198382812417    2.8285307624998e-06    6.8285922360189e-05    0.00078340507228258    9.0858932116245e-05                      0                      0                      0    1.2305589842221e-05    0.00011824699658058     1.558429394688e-05    8.2667798828151e-05    5.4848436770172e-07    1.9003602536483e-05    7.3291637697537e-05    2.3450425770122e-05            987.0078125             12.9921875                      0          6.40771484375                      0          0.03662109375          0.01416015625                      0                      0           0.0029296875           0.0009765625                      0                      0          72.3525390625             0.00390625        934146.93603516        12122.259765625
                      0                    2.5                   2048                   1000     0.0023541704384886    2.8344479492848e-05      6.18887421866e-05                      0    0.00038217188671785     0.0016800372500048    5.8753044916315e-05    2.0049356435514e-05    6.3821709956002e-05    4.6001500972448e-05    1.8935605439196e-06    4.0446772460179e-06    4.8432617916205e-09    4.9166884705798e-06    3.5347155424859e-08    3.8533700674748e-08    4.3900393986718e-08                      0   -8.7983242078593e-06   -7.5918899379968e-05    1.0571338071586e-07    3.5966792211184e-08    5.9686522391189e-08    2.4730477665713e-08    3.2032710262087e-08    1.1718759296286e-10    1.9531487538416e-11    1.0488719537349e-07                      0                      0                      0    3.5118890149732e-05    0.00036484041552542    3.6355575190772e-05    0.00023894601416652    2.6802201915643e-06    6.1282778827998e-05    0.00082164634667681    0.00015355348777923                      0                      0                      0    7.7934082018949e-06     0.0001327159726654    2.0378198247073e-05    0.00010261179590509    4.8024365506549e-07    2.0428094239744e-05    7.9255780762288e-05    1.8000811031538e-05          988.048828125           11.951171875                      0          5.89599609375                      0          0.11279296875          0.04443359375                      0                      0           0.0048828125          0.00146484375                      0                      0           63.275390625             0.00390625        945454.39892578        10177.516113281
                      0                      3                   2048                   1000     0.0019342069829262    2.0001050284435e-05    5.3692771480041e-05                      0    0.00036602940674246     0.0013717148251864    4.6366077157245e-05     9.802474599141e-06    2.3353417486494e-05     2.954700976554e-05    1.1155405310603e-06    4.3513779295346e-06    2.9941404910971e-09    6.4599453155623e-06    3.4148917915644e-08    4.5782704738428e-08    4.2941899813798e-08                      0   -5.3082109126024e-06   -4.5839685552274e-05    5.3044428849347e-08    3.4110339441895e-08    5.7349604620782e-08    2.4038075974175e-08    3.1686027579525e-08    1.3232392959139e-10    1.5136780717739e-11    8.3986329002528e-08                      0                      0                      0    3.1871008306261e-05    0.00034920972020602    4.0006356933908e-05    0.00021030269872524    2.8324052774309e-06     6.158926951505e-05    0.00059189693799011    9.3150887210403e-05                      0                      0                      0    1.4650441898301e-05    0.00015135216405504    4.0213729484595e-05    8.3161053712644e-05    4.4613769656365e-07    1.8712049803415e-05    4.7026441409415e-05    1.0951917467583e-05         988.9423828125          11.0576171875                      0          5.45947265625                      0          0.05712890625          0.01904296875                      0                      0          0.00244140625           0.0009765625                      0                      0         60.32666015625           0.0029296875        938674.40087891        12800.133300781
                      0                    3.5                   2048                   1000     0.0017637658828171     2.179012206982e-05    6.0488331540487e-05                      0    0.00034093012793113     0.0012221545532269    2.1022373552615e-05     1.585075438415e-05    2.7287224117156e-05    4.0754678229948e-05     3.578488779965e-06    4.2092480470046e-06    3.9873047086303e-09    3.7240561332474e-06     3.414746441166e-08    3.6766587108161e-08    4.2659171306525e-08                      0   -5.6022036134529e-06   -4.0042954099651e-05    5.2942386030708e-08     3.392284853021e-08    5.4227547785501e-08    2.3229969947636e-08    3.3030760349106e-08    2.9345725849339e-10    1.9531043449206e-11    9.4277854412184e-08                      0                      0                      0     1.661853026258e-05    0.00024440432129058    3.1663424320705e-05     0.0001901360219585    2.4576704062973e-06    6.7272458493584e-05    0.00058139414357417    8.1481569838893e-05                      0                      0                      0    8.3562255897007e-06    0.00014139031884497    2.0183704103616e-05    7.0209444333003e-05    3.9282813268926e-07    1.5896379886637e-05    6.7440961420306e-05    1.1535147471431e-05        987.70751953125         12.29248046875                      0            6.025390625                      0              0.1171875           0.0400390625                      0                      0          0.00439453125          0.00146484375                      0                      0         67.02001953125            0.001953125        944887.64746094        11353.701660156
                      0                      4                   2048                   1000     0.0021629511079135    4.2034732421925e-05    6.2708571291203e-05                      0    0.00034457681835898     0.0015594013227638    4.7071396498843e-05     3.708713769468e-05    3.1054005364073e-05    2.5080818354617e-05    1.9699897522152e-06    4.1421425782673e-06    3.4682616778525e-09    5.6030917887639e-06    3.5173353563067e-08    3.8832024706892e-08    4.4161133416765e-08                      0    -8.900702651804e-06   -6.4935491656648e-05    5.7184060153759e-08    3.5718756397074e-08    5.8609852970903e-08    2.3491696143907e-08    3.2298832497446e-08    2.5927748836807e-10    1.9531043449206e-11    1.2286278483487e-07                      0                      0                      0    3.1089500980297e-05    0.00027703158447023    8.5564688466988e-05    0.00028042800976458    2.5571621296017e-06    7.7110116710077e-05      0.000685760792972    0.00013139424461972                      0                      0                      0    1.2647741704619e-05    0.00012380060156225    2.2899055175607e-05    8.8017863281831e-05    4.6635547557017e-07    1.9944449700215e-05    6.1129733894383e-05    1.8222387212052e-05         986.3017578125          13.6982421875                      0              6.7890625                      0          0.03955078125               0.015625                      0                      0            0.001953125          0.00048828125                      0                      0             75.0546875            0.001953125        941556.07519531        11337.708984375
                      0                    4.5                   2048                   1000     0.0020334410014606    2.3504429196741e-05    6.3499972161374e-05                      0    0.00036324651904041     0.0014482012641635    3.8621540537243e-05    2.2312552246273e-05    3.5376445308266e-05    2.3545887208432e-05    2.9753281238776e-06    4.4484863281902e-06    3.8896486032058e-09    5.6822880778462e-06    3.4344716404178e-08    3.7327631652317e-08    4.3601554367001e-08                      0    -6.806557137029e-06   -6.0206434074228e-05    7.2931642502994e-08    3.5292493816286e-08    5.7204105896602e-08    2.1397939420353e-08    3.1963862667794e-08    2.0556623070433e-10    1.9531487538416e-11    1.0587403975748e-07                      0                      0                      0    2.2299446766461e-05    0.00025728223633958    3.7842773912722e-05    0.00021866308739593    2.3079370166101e-06    6.6016754862286e-05    0.00073494673635155    0.00012215471434374                      0                      0                      0    1.1996269535519e-05    0.00012510482812855    1.8350813477674e-05    8.5493201658959e-05    4.0947313850737e-07    1.7872358883952e-05    8.8222606938526e-05     1.397388134583e-05        984.35302734375         15.64697265625                      0              7.6796875                      0          0.30712890625           0.0927734375                      0                      0           0.0107421875          0.00244140625                      0                      0            85.39453125             0.01171875        938451.61230469        12073.868652344
                      0                      5                   2048                   1000      0.002146742691886    2.0025356940234e-05    5.7752254378318e-05                      0    0.00037834701074368     0.0015896084111358    3.1775598631434e-05    1.3670445310865e-05    2.3551872072591e-05    2.1062174794473e-05    1.8241338004543e-06    3.9493793946299e-06    3.2675782080105e-09      3.40663476317e-06    3.4253916592064e-08    5.2155269880672e-08     4.313964918623e-08                      0    -6.371947761874e-06   -4.4659770042088e-05     5.466308961033e-08    3.3958982736948e-08    6.9120608348072e-08    2.2816419420479e-08    3.2073253830589e-08    3.6718761364796e-10    1.4648282586904e-11    1.1077392425562e-07                      0                      0                      0    2.3535505859318e-05    0.00027082159766056    3.2778372569098e-05    0.00022952374854945    2.5767548694766e-06    6.7330386220643e-05    0.00079367194091429    9.0977393077729e-05                      0                      0                      0    1.3692225579121e-05    0.00012287758008345    1.5782017083854e-05     8.957871630999e-05    7.2060694034093e-07    1.8000398431361e-05    7.1369927248988e-05    1.3134319827302e-05          985.482421875           14.517578125                      0           7.1513671875                      0          0.05224609375           0.0205078125                      0                      0          0.00244140625           0.0009765625                      0                      0         75.76904296875           0.0029296875        914865.70898438        16134.081542969
                      0                    5.5                   2048                   1000     0.0022981733491205    2.3887564443825e-05    6.0088912593237e-05                      0    0.00039817658592423      0.001708048654292    3.1537191894415e-05     1.625332667432e-05    2.2888794908749e-05    2.6548079588018e-05    1.8226704012747e-06    2.8855595708421e-06    3.3266602805782e-09    4.0204789981679e-06    3.3978505342702e-08     3.678661864015e-08    4.2735328165122e-08                      0   -7.6692436703496e-06   -4.5250554697507e-05     5.380909939845e-08    3.4783210089984e-08    7.4874504818467e-08    2.2777348451797e-08    3.2192397192432e-08    1.4160184136358e-10    2.0019541580041e-11    1.1685644230042e-07                      0                      0                      0    4.6903594760117e-05    0.00028351262500159    3.0273711432383e-05    0.00023447974561552    3.8699858362357e-06    7.2052603019568e-05    0.00086288310058524    9.2129489748682e-05                      0                      0                      0    2.0762785159611e-05    0.00012059260692654    1.9274163563843e-05    9.5809892572518e-05    5.1458935956816e-07    1.4082405271232e-05    7.5032999030444e-05    1.5791195807857e-05         987.8662109375          12.1337890625                      0           6.0126953125                      0          0.17919921875           0.0576171875                      0                      0              0.0078125            0.001953125                      0                      0         64.26513671875            0.005859375         902393.2265625        18710.927246094
                      0                      6                   2048                   1000     0.0027337499965836    2.4303022468253e-05    6.2674234845961e-05                      0    0.00047366021240203      0.002037444605949    4.9807948221847e-05    1.6780205557509e-05    2.9974726071913e-05    2.4847104975301e-05    1.5843198246657e-06    5.2299399415645e-06    8.1699216281095e-09    5.6267826993306e-06    3.4505853285793e-08     3.762694555931e-08    4.2550285073162e-08                      0   -6.2034384837872e-06   -5.6795026378342e-05    5.4684068384603e-08    3.4423832673269e-08    8.0012687142528e-08    2.2420898915243e-08    3.2393072224579e-08    2.5390622937493e-10    1.4648282586904e-11    1.3423684608327e-07                      0                      0                      0     4.903980468951e-05    0.00038223603125198    3.4236079091698e-05    0.00027183914698181     3.351845223154e-06    7.4072472644904e-05    0.00096725973341183    0.00011532682323745                      0                      0                      0    2.3034189943871e-05    0.00014445842138056    2.6423146977983e-05    0.00012149514405024    5.9598633317393e-07    1.7132125979646e-05    7.6827340819374e-05    1.2887282228924e-05         984.7919921875          15.2080078125                      0               7.453125                      0            0.552734375             0.19140625                      0                      0          0.01806640625             0.00390625                      0                      0            79.31640625            0.017578125        903446.90673828        18737.782226562
                      0                    6.5                   2048                   1000     0.0031009429394517    2.7519620124927e-05    6.5896894050788e-05                      0    0.00052486296142495     0.0023242516816455    5.4049126945177e-05    2.2743626460819e-05    3.3991818846779e-05    3.0626951657453e-05    2.8664140523382e-06    3.1871494141633e-06    3.3706055724281e-09    8.8234462940484e-06    3.4730966103069e-08    3.8324209583607e-08    4.4358411610546e-08                      0   -8.2991035146307e-06   -5.4255695786321e-05    5.8991208806702e-08    3.6731437891291e-08    1.5356689564427e-07    2.3685063244017e-08     6.245801209559e-08    5.0390580597082e-10    1.9531043449206e-11    1.7834519860926e-07                      0                      0                      0    9.5266777343284e-05    0.00039932305909263     4.716399316429e-05    0.00034143768896344    3.8764316530049e-06    9.6256501467273e-05     0.0010256917006761    0.00011063280712165                      0                      0                      0    2.6102485367385e-05    0.00015566941113132    2.0202400885516e-05    0.00013907242773881    5.4050000430905e-07    2.2966543457237e-05    7.1283412597101e-05    1.7057635751883e-05        985.76611328125         14.23388671875                      0          6.97216796875                      0           0.0869140625          0.02490234375                      0                      0          0.00537109375          0.00146484375                      0                      0         75.20361328125           0.0068359375        916886.91162109        15131.103515625
                      0                      7                   2048                   1000     0.0037791226938575    7.1130287118581e-05    9.1409645035956e-05                      0    0.00066021833691909     0.0027423376416054    5.6112604490899e-05     4.766748730356e-05    5.9937840818591e-05    3.2637086919696e-05    5.7883197976949e-06    3.3720874026422e-06    4.2753902640413e-09    6.5199731507093e-06    4.5668466785997e-08    4.9614262920272e-08    4.7074204534425e-08                      0    -1.094669383761e-05   -9.0462059088026e-05     5.712842376937e-08    3.6840322348297e-08    9.1238284483097e-08    2.3098130519372e-08    3.3081042349892e-08    2.4462876169196e-10    1.4648282586904e-11    1.4367872225307e-07                      0                      0                      0    0.00013430366112877    0.00060133906395343     5.624242773683e-05    0.00038564451317402    5.5801142457845e-06    0.00010277481101628     0.0010968649072454    0.00018297590675553                      0                      0                      0    6.0062798834526e-05    0.00020339310010575    2.4106778320654e-05    0.00019648404981343    6.2346922380385e-07    2.3976174799767e-05    7.2218210942943e-05    2.2426794924257e-05         984.2724609375          15.7275390625                      0          7.76220703125                      0             0.14453125          0.05126953125                      0                      0          0.00830078125            0.001953125                      0                      0         84.44873046875           0.0087890625        918524.39501953        14848.325683594
                      0                    7.5                   2048                   1000     0.0032384297094707     2.158955468623e-05    8.4306979013959e-05                      0    0.00058515561619954     0.0023997436015741    5.4408320801613e-05    1.6222721181958e-05    3.3470566874527e-05    3.1656985352679e-05    1.7684687501074e-06    3.0800590815616e-06    2.8916016248104e-09    5.2217548818234e-06    3.4595220910205e-08    3.7448234735393e-08    4.6808586784408e-08                      0   -1.0436312040341e-05   -6.4789071230642e-05    5.7616202031596e-08     3.446241025884e-08    7.8358413979629e-08    2.8064452095578e-08    3.2208001599088e-08    4.7412118675538e-10    1.4648282586904e-11    2.0030811276328e-07                      0                      0                      0    0.00010076988526464    0.00041188843652051    5.2439531263992e-05    0.00036616572021586    3.1559277555715e-06     9.518132371511e-05     0.0010264799296955    0.00013138155514492                      0                      0                      0    3.8725338391554e-05    0.00017512801318587    1.9484381340806e-05    0.00014531684961394    5.5995947167986e-07    2.4358107424849e-05    7.4819766600065e-05     2.133323682818e-05          983.966796875           16.033203125                      0          7.85986328125                      0           0.5244140625            0.138671875                      0                      0          0.01513671875          0.00341796875                      0                      0         90.39501953125           0.0185546875        917947.62158203        14285.229003906
                      0                      8                   2048                   1000     0.0032344970209919    2.4666611328605e-05    7.1757640137893e-05                      0    0.00053025655176331     0.0024541819541279    4.8163454109851e-05    2.3536547858694e-05    3.7761344741316e-05    2.7315706538023e-05    4.4193188522001e-06    4.4669438472589e-06    3.4389651126787e-09    5.8076825961706e-06     3.462695596923e-08    3.8792470569149e-08     4.572167267014e-08                      0   -4.4540039070284e-06   -4.7767561987211e-05    5.6956519500773e-08    3.5427740296967e-08    7.6174798913087e-08    2.4412591503875e-08    3.2425307772144e-08    2.4951196664347e-10    1.4648282586904e-11     2.216723462567e-07                      0                      0                      0    0.00011133159960686    0.00044612171094993    5.2539766122184e-05     0.0003686002104617    4.9045991197261e-06    8.9019103528543e-05     0.0010353276108361    9.7397464860816e-05                      0                      0                      0    5.1173539045379e-05    0.00017623485156681    2.1034489743332e-05     0.0001308512016549    6.0326367323782e-07    2.5830129391391e-05    4.6585725579806e-05    9.3515385768406e-06        986.82373046875         13.17626953125                      0           6.5400390625                      0          0.44580078125            0.119140625                      0                      0          0.00830078125            0.001953125                      0                      0              72.890625           0.0107421875        917248.60302734        14163.336914062
                      0                    8.5                   2048                   1000     0.0030064728310615    2.3760587896771e-05    6.6960110334247e-05                      0    0.00054323916893262     0.0022323141210894    4.2104284181832e-05     2.002085058983e-05     3.847044335803e-05    2.5944996094651e-05    3.3789980502519e-06    3.1207319337589e-06    3.7817380338367e-09    5.3882295056873e-06    3.5032718503913e-08    3.7861794588423e-08    4.3790540082966e-08                      0    -8.694882349225e-06   -6.5344548821233e-05    5.7243650708472e-08    3.5657209185302e-08    7.3420407975533e-08    2.3236804036486e-08    3.2925283832697e-08    2.2509816233196e-10    1.4648282586904e-11    1.8407520618879e-07                      0                      0                      0    0.00010252823339174    0.00043041348145278    4.9435182625679e-05    0.00029113523242064    3.5672880858151e-06    7.4330897449126e-05     0.0010009165366274    0.00013243376611705                      0                      0                      0    5.3934126941879e-05    0.00017398545019276    2.1466483882904e-05    0.00013762079199786     5.210854410187e-07     2.213080223834e-05    6.3017306648039e-05    1.7901917000351e-05              988.28125               11.71875                      0          5.83056640625                      0           0.4443359375          0.13134765625                      0                      0            0.013671875             0.00390625                      0                      0         64.90478515625               0.015625        926068.50488281        13056.324707031
                      0                      9                   2048                   1000     0.0021466941479584    1.8698256824212e-05    6.6991511225023e-05                      0    0.00037070254199634     0.0015714079424018    3.3231035144521e-05     1.490551854566e-05    3.5282925293423e-05    2.1520263183028e-05    2.2116611280154e-06    5.8132260742916e-06    5.6455080610363e-09    4.1275703006605e-06    3.4916491920001e-08    3.7594728663493e-08     4.324854874227e-08                      0   -8.1270776353115e-06   -4.4801563967134e-05    6.8007805165138e-08    4.2141118150596e-08    6.4156731482967e-08    2.3900377676966e-08    3.1957016144446e-08    2.8369129267958e-10    1.9531043449206e-11    1.0218995072364e-07                      0                      0                      0    1.6570190922494e-05    0.00027346685302954    4.0838107908225e-05    0.00023151772997787    5.1118329911226e-06     6.824543652062e-05    0.00079966395068931    9.1126374037742e-05                      0                      0                      0     1.243673535134e-05     0.0001078643037129    1.7542782236202e-05    9.3290411141034e-05    3.3830760903797e-07    1.5345241698217e-05    9.4018297849274e-05    1.6684824222679e-05         985.8271484375          14.1728515625                      0          6.96923828125                      0          0.49169921875          0.18408203125                      0                      0              0.0234375          0.00634765625                      0                      0          77.6103515625             0.02734375        948081.79199219        10056.950683594
                      0                    9.5                   2048                   1000     0.0023285204072225     2.478843798448e-05    7.2878943860211e-05                      0    0.00042853492724371     0.0016374748877106    4.7824674330066e-05    2.8495516111171e-05    4.2074651869228e-05    2.4459455571613e-05    6.2096684492197e-06    4.8559091796463e-06    4.0458987271563e-09    8.7305239322433e-06    4.7561540039709e-08    3.7509760630883e-08    4.4025401990666e-08                      0   -8.3351367119455e-06   -7.8988958479353e-05    6.9176257166959e-08    3.6194326646921e-08    5.7437999245735e-08    2.2546871036866e-08    4.7539056247103e-08    2.1533219651815e-10    2.4413804311507e-11    1.1979394498596e-07                      0                      0                      0    3.9207130853924e-05    0.00034156572218036    3.8789540023121e-05    0.00023805841356683    5.6197104649769e-06    7.0937123051174e-05    0.00078288042967101    0.00015973952100357                      0                      0                      0    2.0083872568577e-05    0.00012982980370868    1.7731937500098e-05    0.00013893211035754    2.6046142709291e-07    2.0281925300569e-05    8.8537280756196e-05    1.7052613277446e-05         986.5126953125          13.4873046875                      0          6.62646484375                      0          0.10888671875          0.02978515625                      0                      0          0.00439453125          0.00146484375                      0                      0          72.5830078125           0.0048828125        955406.98535156         9280.275390625
                      0                     10                   2048                   1000     0.0022612351811406    2.7089476566822e-05    7.8742401840692e-05                      0    0.00043974965819871     0.0014857972099698    5.6362824231382e-05    4.1485826670407e-05    5.8001623530313e-05    2.8446859374309e-05     1.218912743628e-05    7.3130258790854e-06    3.1210940498738e-09    2.3865430673009e-05    4.3907711244628e-08     3.883836541263e-08    4.3391117365843e-08                      0   -6.1128627906193e-06   -6.2801082993502e-05      6.77089828649e-08    3.7441401978811e-08    1.2505858393297e-07    2.3625967848773e-08    3.2887213397004e-08    2.2509816233196e-10    1.4648282586904e-11    1.3440332624626e-07                      0                      0                      0    2.9900649413328e-05    0.00029018054539875    3.4396722652819e-05    0.00019271192675552    1.9622700202504e-06    8.4497124019478e-05    0.00073918544237728    0.00012736112108147                      0                      0                      0    2.2496424811447e-05    0.00020204482665376     1.984772997865e-05    9.7960355469606e-05     2.490644619435e-07    1.7596736818337e-05    6.9074697759408e-05    1.2600441401833e-05          986.533203125           13.466796875                      0          6.57177734375                      0             0.22265625            0.068359375                      0                      0           0.0048828125           0.0009765625                      0                      0         74.84423828125            0.005859375        954500.91992188        10987.991210938
                      0                   10.5                   2048                   1000     0.0020969589477557    3.5383882321049e-05    7.7673048834992e-05                      0    0.00035193351709228     0.0014788379155215    4.9222658194292e-05    3.2533934085421e-05     3.674292722966e-05    2.3760405277073e-05    1.4873212799138e-06    4.2390068362153e-06    3.9428709186495e-09    3.4641713710926e-06    3.5163559175544e-08    3.7674320552128e-08    4.5338365950442e-08                      0   -5.1637944298299e-06   -6.4808892567658e-05    5.7104472261926e-08    5.8884769060796e-08    6.0093251708082e-08    2.3748039090776e-08    3.2664542626293e-08    1.8115198230362e-10    1.9531487538416e-11    9.2334978774034e-08                      0                      0                      0    2.6883875001271e-05    0.00029732001170846    3.6283764167866e-05    0.00024363584520204    2.0876352344601e-06    7.5563123064892e-05    0.00067555313524847    0.00013347184324752                      0                      0                      0    1.3176689935612e-05    0.00011519396094117    1.8125300289551e-05    0.00010101012890695    2.5612256271401e-07    1.8302727542885e-05    6.9170724128487e-05    1.0690449223194e-05        985.04931640625         14.95068359375                      0          7.30419921875                      0            0.314453125          0.12939453125                      0                      0           0.0087890625          0.00244140625                      0                      0           85.193359375           0.0087890625         957775.9765625        10908.048828125
                      0                     11                   2048                   1000     0.0023571904189326    4.1281580555275e-05    6.5553021975528e-05                      0    0.00039413699071744     0.0016654225996007      6.73837412144e-05    4.1682549319244e-05    3.8508614753407e-05    2.5954708006815e-05    2.5402841759004e-06    4.2545634766356e-06    4.6718748869523e-09    8.4005180704949e-06    3.4865242248827e-08    3.8478510155926e-08    4.3141109351552e-08                      0   -6.5269311733118e-06   -8.0022111824007e-05     6.843993904937e-08    3.5848135571115e-08    5.8021478732684e-08    3.4952650551645e-08    3.2057613008618e-08    4.0625014463558e-10    1.9531487538416e-11    9.5087397067317e-08                      0                      0                      0     2.842717628404e-05    0.00037566791796051    4.1388702159306e-05    0.00024722932080001    2.5762802731144e-06    9.0732532717297e-05    0.00073065940284067    0.00016182561671574                      0                      0                      0    1.0265235838691e-05    0.00013693792480041    2.1988146484464e-05    0.00011933260546781    2.8185009970372e-07    2.3461945306558e-05    6.7354220219418e-05    1.3420827161159e-05        985.12939453125         14.87060546875                      0          7.25048828125                      0           0.2412109375          0.08935546875                      0                      0          0.00732421875          0.00146484375                      0                      0          80.0361328125           0.0087890625        969002.20898438         8767.080078125
                      0                   11.5                   2048                   1000     0.0018278077387537    2.8272229492643e-05     7.267708105152e-05                      0    0.00034082256103929     0.0012553869565517    2.5175954593504e-05    1.7566632819488e-05    4.3934666501766e-05    2.7197336911922e-05    4.3071801765215e-06    3.2971899415202e-06    4.0068357520795e-09    7.3040107317901e-06    3.4433112805488e-08    3.8727067330768e-08     1.160297857794e-07                      0   -7.5976528361998e-06   -3.3481749028397e-05    5.3850575554293e-08    3.4820816896541e-08    5.8877937636481e-08    2.4616697125168e-08    3.2225122570395e-08     2.548832256366e-10    1.5136780717739e-11    1.9035108200782e-07                      0                      0                      0    1.6818899404747e-05    0.00025735121190351    3.2433755384087e-05     0.0002607912207071    2.2151220382405e-06      9.11166333184e-05    0.00051362151708467    6.8376611329413e-05                      0                      0                      0    9.4625878950261e-06    0.00011296982421527    1.4691456548199e-05    8.1329015141129e-05    2.7005078795383e-07    3.2433585444913e-05    7.1383780769541e-05    1.5598844243847e-05         983.6513671875          16.3486328125                      0              7.9921875                      0          0.67041015625          0.20751953125                      0                      0          0.01318359375             0.00390625                      0                      0         88.68896484375           0.0146484375        979631.15429688          7983.01171875
                      0                     12                   2048                   1000     0.0012698983076174     1.439115282853e-05    5.4227667492412e-05                      0    0.00025717153711469    0.00087654103807733    1.1688373523722e-05    7.8540888694967e-06    1.8228063473291e-05    1.9983832029613e-05    1.6731069329978e-06    3.4272192381835e-06    3.3754883332904e-09    2.9336830960069e-06    3.4385252423164e-08    3.6190920038592e-08    4.1745598977627e-08                      0   -2.3964321229641e-06   -1.3657701683378e-05    5.0791988392973e-08    3.4082516808809e-08    4.9542956404025e-08    2.2445807879024e-08    3.2244650061131e-08    2.9345725849339e-10    1.9531487538416e-11    7.5679193134448e-08                      0                      0                      0    9.6047206903371e-06    0.00019563518213417    2.8872450202222e-05    0.00015602002882487    1.7756084074172e-06    7.6899571304523e-05    0.00034859756541827    2.8532857908825e-05                      0                      0                      0    4.6846347627749e-06    8.7856882814208e-05    1.5172225108273e-05    7.9556539562819e-05    2.4188330538522e-07    2.5958263673687e-05    3.0376669433174e-05    5.0967519529266e-06         985.2353515625          14.7646484375                      0            7.251953125                      0             0.06640625          0.02685546875                      0                      0             0.00390625           0.0009765625                      0                      0         83.00439453125             0.00390625        994167.49121094        2541.2607421875
                      0                   12.5                   2048                   1000     0.0014844128993996     1.862158642929e-05    5.3851282238782e-05                      0    0.00031277773340088     0.0010206543613518    1.3925079098698e-05    1.1818843748124e-05    2.2414722651742e-05    2.0548563480105e-05    1.2955044006446e-06    3.2532539062657e-06    3.5419920330071e-09    3.4346196247093e-06    3.4045884333977e-08    3.6162585370647e-08    4.0328606676354e-08                      0   -2.6513154165464e-06   -1.7172726084258e-05    5.0674320295485e-08    5.7656750040991e-08    5.0180676502976e-08    2.1361814539489e-08    3.1702657388166e-08    2.1044854747743e-10    1.9531043449206e-11    1.1913135367081e-07                      0                      0                      0    1.3018534669396e-05    0.00022752870410336    3.0767222683359e-05     0.0002031169214014    2.1624418851118e-06    9.1888526362549e-05    0.00039132192577895    3.5575039090574e-05                      0                      0                      0    1.1414879388827e-05     0.0001181565747177    2.2195619622689e-05    8.3932573724965e-05    2.9881298502232e-07    3.7995579583949e-05    2.8685049810129e-05     5.668512686352e-06         987.2705078125          12.7294921875                      0          6.21826171875                      0                 0.4375          0.16064453125                      0                      0            0.013671875             0.00390625                      0                      0          68.9716796875            0.009765625        996621.32128906         1527.814453125
                      0                     13                   2048                   1000     0.0012783804213918     1.485143456792e-05    5.4220283713491e-05                      0    0.00027258937500108    0.00086516757470623    1.2310125486081e-05    7.2465708029767e-06     2.338731637419e-05    1.7522426756678e-05    1.2067031249785e-06    4.5092749023645e-06    3.2333984378852e-09    3.7532646524063e-06    3.3774895769056e-08    3.5941899678704e-08    4.0432122094813e-08                      0   -2.9597592838826e-06   -1.4122073268119e-05    5.0239736815172e-08     3.321386810029e-08    6.0330092033212e-08    2.3368945223368e-07    3.2075673228604e-08    2.4951196664347e-10    1.4648282586904e-11    7.3341798856319e-08                      0                      0                      0    1.0474298331342e-05    0.00019164347557332    2.6101582506488e-05    0.00015225233495109    2.0064345664927e-06    7.4116004386227e-05    0.00035310729150018    2.9402374997378e-05                      0                      0                      0    4.1196894566831e-06     0.0001095238198201    2.7255786124059e-05    6.5578817864065e-05    2.4674462695273e-07    2.3813463868372e-05    2.8861566407912e-05    6.2143554786509e-06          984.232421875           15.767578125                      0          7.76220703125                      0           0.3583984375           0.1240234375                      0                      0           0.0126953125           0.0029296875                      0                      0          84.5673828125               0.015625        996208.76757812        1809.4833984375
                      0                   13.5                   2048                   1000     0.0015827422797856     2.044835888082e-05    6.0926970713471e-05                      0    0.00032634584765434     0.0010872305258767    1.3391222638326e-05    1.1952237308321e-05    2.6524592286581e-05    2.2418208990516e-05     3.888132331209e-06    4.1146445313167e-06    4.7846677730945e-09    3.8074980617253e-06    3.3795406917392e-08     3.527733349884e-08    4.2324701521324e-08                      0   -3.7582582996798e-06   -1.4164704107866e-05    5.0587880995323e-08    3.3567880031171e-08    5.2038579223534e-08    3.1523441634818e-08    3.2072749345247e-08    2.0556623070433e-10    1.9531043449206e-11    8.0461421081424e-08                      0                      0                      0    1.3731419429064e-05    0.00024404763866759    3.5442791994189e-05    0.00018517763768955    2.0608447188764e-06    9.0956473631554e-05       0.00045473896337    2.9671629397043e-05                      0                      0                      0    5.0627338810116e-06    0.00010722439258437    2.1513077158364e-05    0.00010985279248343    2.5437842188225e-07    2.9215128433346e-05    3.8673039544523e-05    7.8508520395815e-06         984.6220703125          15.3779296875                      0            7.517578125                      0           0.4833984375            0.177734375                      0                      0          0.01416015625             0.00390625                      0                      0         83.13427734375           0.0146484375        986447.70019531         4489.646484375
                      0                     14                   2048                   1000     0.0019588896152385    2.8284446782934e-05    7.0733192374828e-05                      0    0.00033142609278203     0.0013666504829088     4.943360155174e-05    3.4119220710949e-05    3.4111512683843e-05    2.9767146476622e-05    2.6622387636621e-06    3.7558461913889e-06    3.1064453231977e-09    6.2132324334385e-06    3.5052730051888e-08    3.7060554181068e-08     4.420509247538e-08                      0   -5.3051411024185e-06   -4.3760186526409e-05    5.3688479439984e-08     1.008295931193e-07    5.5717763292051e-08    2.2013177947144e-08     3.204100362808e-08    1.9580115306894e-10    2.0019541580041e-11    1.2622654210759e-07                      0                      0                      0    8.5619672751669e-06    0.00029509462987765    3.3347665040484e-05    0.00024107794823802    2.3915766527161e-06    0.00010415292724764    0.00055802661328297    8.8936987790333e-05                      0                      0                      0    8.0096747949732e-06    0.00011179493457059    1.8121093259715e-05    0.00010032258593862    2.8813817154472e-07    3.4199910634136e-05    4.2246209480012e-05    1.0943543939934e-05         984.4521484375          15.5478515625                      0            7.591796875                      0           0.1162109375          0.04150390625                      0                      0           0.0029296875           0.0009765625                      0                      0         84.13134765625             0.00390625        977308.75097656        5866.8603515625
                      0                   14.5                   2048                   1000      0.002217623548344      2.58408120275e-05    7.6294025884938e-05                      0    0.00044058428661842     0.0015216864848595    3.7566990230609e-05    3.0361661135458e-05    3.9301692868587e-05    3.3982964839474e-05    1.9811484386345e-06    4.1224716800237e-06    3.4536133952656e-09    4.2276806766495e-06     3.497362843774e-08    3.7861324742039e-08     4.291747268681e-08                      0   -6.9337729557972e-06    -4.171639989714e-05    5.6190897268493e-08    3.5927265606972e-08    6.1568345088858e-08    2.4230471407094e-08    3.2570315333658e-08    1.6162138294362e-10    1.9531043449206e-11    1.0837889918847e-07                      0                      0                      0    3.7669917493321e-05    0.00037129779004808     3.714779101216e-05    0.00028976819581317    1.9050014721245e-06    8.8001474619404e-05    0.00054045456006202    8.4882137199926e-05                      0                      0                      0    2.6571150869792e-05    0.00013942323926264     2.913808056304e-05    0.00013111401855426    2.5917821400157e-07    2.6176898925367e-05     5.548108544895e-05    1.4272550295402e-05            982.2890625             17.7109375                      0           8.5888671875                      0            0.232421875          0.09033203125                      0                      0          0.00732421875          0.00146484375                      0                      0         100.7880859375           0.0087890625        968614.07324219         7347.787109375
                      0                     15                   2048                   1000     0.0024672476865297     3.904784033848e-05    8.4580224599229e-05                      0    0.00040686603905593     0.0017675537607538    4.0456426730451e-05    3.3203533681636e-05    4.7094707512851e-05    3.5367770498063e-05    2.3708745131579e-06    4.3891250003369e-06    4.1533203543054e-09    4.6835766700504e-06    4.5880852894697e-08    3.7653789863867e-08    4.4086431394419e-08                      0   -9.1647841737874e-06   -5.5170187956755e-05    5.4393064718994e-08    3.5316900959259e-08    5.8581536066526e-08    2.3823730543882e-08    3.2642089475843e-08    1.7626966553053e-10    1.4648726676114e-11    9.0804189500915e-08                      0                      0                      0    2.3800198254431e-05    0.00042559253955954    6.3753470709749e-05    0.00037205204980184    2.1344116269972e-06    8.6953410631363e-05    0.00066833420506995    0.00011189813084256                      0                      0                      0    1.6076583977398e-05    0.00016095272022199    2.4144540527349e-05    0.00010474270849636    2.5474999887365e-07    2.2122980957384e-05    6.9017543949279e-05    1.8694899403648e-05          984.154296875           15.845703125                      0            7.810546875                      0          0.27783203125          0.08642578125                      0                      0              0.0078125          0.00146484375                      0                      0          86.6591796875            0.009765625         966661.6953125           7736.3671875
                      0                   15.5                   2048                   1000      0.002127683370603    2.5219436508017e-05    7.8379959953079e-05                      0    0.00036372260107242     0.0014938767475701    6.1512460445279e-05    3.1549059053226e-05    3.8580069815275e-05    2.0320237796856e-05    2.8340805733329e-06    3.6294267578008e-06    4.5400390114025e-09     6.299868651638e-06    3.5363761696772e-08    3.7258298668519e-08    6.1489255909208e-08                      0   -8.1479130784601e-06   -5.7513678705767e-05    5.7290990174153e-08    3.5117669217044e-08    6.8431167399297e-08    2.0575199766171e-08    3.2793938675724e-08    3.7646508133093e-10    1.4648282586904e-11    9.1886219522053e-08                      0                      0                      0    1.9590375955669e-05    0.00029079867624748    4.0682196308151e-05    0.00024005338182542    2.6710703049382e-06    7.0859164062131e-05    0.00071555492089193    0.00011673938526346                      0                      0                      0    7.6704819496065e-06    0.00012462098583921    2.0836778814814e-05    0.00010602729052023    2.7009570224834e-07    2.2135930175526e-05    6.3147824711507e-05     1.692018749333e-05            981.9453125             18.0546875                      0          8.89794921875                      0              0.6953125           0.2412109375                      0                      0           0.0146484375           0.0029296875                      0                      0          99.5322265625            0.017578125        970427.72558594        5603.2900390625
                      0                     16                   2048                   1000     0.0022611991416039    2.9094401859275e-05    7.0693595210169e-05                      0    0.00040449194579839     0.0015590244126109    3.9534547349174e-05    2.3300047358177e-05    6.5694598156973e-05    5.5808413080172e-05    1.7130556684286e-06    4.6405839841945e-06    3.6249998558446e-09    5.2408720692121e-06    3.4852039920708e-08    3.7289048737676e-08    5.0854488620189e-08                      0   -1.2142900883916e-05   -5.7749935508333e-05    5.4395036475086e-08    5.1440901760458e-08    5.8253408319331e-08    2.2484367701026e-08    3.2350575995821e-08    2.0556623070433e-10    1.9531487538416e-11    1.1697265600574e-07                      0                      0                      0    2.9848472188121e-05    0.00030181128856777    3.8399240720022e-05    0.00023420118260642    2.1875087914403e-06    8.9342037608464e-05    0.00075984713231225    0.00011705502293591                      0                      0                      0    7.8124428699589e-06    0.00014562536815488    1.8953920904785e-05     9.567159521584e-05    3.4650146307769e-07    2.3906586419375e-05    8.6203428707687e-05    2.4662964841493e-05         985.3291015625          14.6708984375                      0             7.16015625                      0          0.39013671875             0.13671875                      0                      0          0.01611328125           0.0048828125                      0                      0               81.40625            0.017578125        968735.74707031        6771.4833984375
                      0                   16.5                   2048                   1000     0.0036261069707049    8.2841902354858e-05    9.9405554686793e-05                      0     0.0006041178110423     0.0024690565844891    0.00012279500342149    9.9730609874893e-05    6.9508904788851e-05    5.0129440920976e-05    5.9741118101364e-06    5.8291992188764e-06     3.708496176813e-09    1.4833592767438e-05    3.5922375740682e-08    4.1108875858953e-08    4.6697261613105e-08                      0   -1.8807128914222e-05   -0.00014702036620928    8.8488770089157e-08    4.7292490368278e-08    6.4040053260328e-08    2.3423334827299e-08    4.5936042525341e-08    2.4951196664347e-10    1.9531043449206e-11    1.1306202951644e-07                      0                      0                      0     7.347410352132e-05    0.00053327451709295    5.7022983382726e-05     0.0004771479623944    2.7172822258947e-06    9.1187420908856e-05     0.0010511460790936     0.0002958190351694                      0                      0                      0    1.3922939934297e-05       0.00027048001856    2.1863104988196e-05    0.00013881686670025    6.7603027265051e-07    2.3618911613621e-05    0.00010202231494683    3.8018741708168e-05        985.18115234375         14.81884765625                      0           7.2568359375                      0          0.14013671875          0.04833984375                      0                      0           0.0048828125            0.001953125                      0                      0          83.1357421875             0.00390625        969035.28222656         6391.673828125
                      0                     17                   2048                   1000     0.0032087686894595    7.3166690427229e-05    9.6753959476281e-05                      0    0.00059404827636511     0.0021044811025459    0.00010661164451253     7.404408543854e-05    8.2022322751119e-05     4.987753271779e-05    2.1243998920006e-06    7.6847861327778e-06      5.73876945964e-09    1.5690530770218e-05     3.572802631524e-08     4.048339796725e-08    4.7243148948439e-08                      0   -1.4729693853965e-05   -0.00010334121388089    1.4666016001641e-07    5.0031265796946e-08    6.9200679853054e-08    2.4919431851345e-08      4.01782092041e-08    2.8857405354188e-10    2.4902746531552e-11    1.0989356358238e-07                      0                      0                      0    4.4773852551305e-05    0.00051947599267121    5.1439878920423e-05    0.00035002625145308    4.8480654171179e-06     7.759987303757e-05    0.00088899267870746    0.00020852405176974                      0                      0                      0    1.5705456550386e-05     0.0002476858110243    2.9388459489521e-05    0.00013403969921288    2.9092920428297e-07    3.1697694338195e-05    0.00011181003808813    2.9892919428232e-05        983.08447265625         16.91552734375                      0          8.23876953125                      0             0.20703125                 0.0625                      0                      0           0.0048828125           0.0009765625                      0                      0         92.12451171875            0.005859375        971275.47265625         5418.185546875
                      0                   17.5                   2048                   1000     0.0030143035610277    3.7471375978093e-05    8.8321248052026e-05                      0    0.00059277245214062     0.0020049288398427    7.9088505348768e-05    4.5241704091925e-05    8.3429843256155e-05    6.5050210935613e-05    3.5817036154739e-06     5.064083008044e-06    2.8867184198589e-09    7.3836865266408e-06    4.6605469261607e-08    4.0504381182416e-08    8.1870594748068e-08                      0   -2.3509666517985e-05   -7.6748509771907e-05    6.3771482317065e-08    5.9358390647191e-08     6.880664749076e-08    2.5843755580013e-08     3.249365265745e-08    2.8857405354188e-10    1.5136780717739e-11    1.5919870799408e-07                      0                      0                      0    5.6696508798471e-05     0.0004909735903551    4.3713295423853e-05    0.00029738393213785    3.3116289208657e-06    7.2379535153821e-05    0.00088166187011351    0.00015539543555443                      0                      0                      0    2.7503074214064e-05    0.00020185825342089    3.9906242675691e-05    0.00014672357518997    3.2634278523958e-07    2.5070374033653e-05    0.00011189412693868    4.7824934080509e-05         981.5166015625          18.4833984375                      0           8.9873046875                      0             0.16796875           0.0517578125                      0                      0          0.00634765625            0.001953125                      0                      0          101.431640625           0.0048828125         963891.3203125         7432.970703125
                      0                     18                   2048                   1000     0.0032056651831129    6.2554847182206e-05    9.9611887723228e-05                      0    0.00058744058838478     0.0021813875058458    9.5427937012449e-05    7.1466791020214e-05    5.7613303718895e-05    3.0765267100108e-05     2.492943343757e-06    5.0542177731927e-06    4.4614258953857e-09    9.7843720840984e-06    3.6085936461205e-08    5.2172860254274e-08    4.7916997925057e-08                      0   -1.9940944821162e-05   -8.2379949251976e-05     1.448295958717e-07     2.015832528901e-06    1.0276611828175e-07     2.558251921414e-08    3.2296387342257e-08    5.1855453264693e-10    1.9531043449206e-11    1.6307909200819e-07                      0                      0                      0    5.5740551742733e-05    0.00044734710060279    7.4082237789597e-05    0.00040456074560469    2.6080449275767e-06    9.2351107421784e-05    0.00091826339990853    0.00016690438038403                      0                      0                      0    2.3741749016537e-05    0.00020494876366461    2.7927342774792e-05    0.00013985055762733    3.4969676931951e-07    2.4081624993677e-05    0.00012281582520179    4.0381953615665e-05        982.89208984375         17.10791015625                      0           8.4169921875                      0          0.17236328125          0.05126953125                      0                      0          0.00634765625            0.001953125                      0                      0              88.796875           0.0068359375        962750.25439453        7456.3422851562
                      0                   18.5                   2048                   1000      0.002391209707016    3.6912620104079e-05    8.3363006343262e-05                      0    0.00041934355224171     0.0016539460644522    6.3048612297223e-05    5.0004275402582e-05    4.0289254398029e-05    2.1248645025729e-05    6.6266313387686e-06    4.1492265623333e-06    4.4174806035358e-09    1.0502996575568e-05    3.4727052344863e-08    3.8630375343018e-08    4.5419430438898e-08                      0    -4.763789071216e-06   -7.4342125988114e-05    9.4683091145242e-08    3.5192379232996e-08    6.6258315278844e-08    2.4764647665876e-08    3.2290058182838e-08     2.500004647743e-10    1.4648726676114e-11    1.5035010703102e-07                      0                      0                      0    3.6543387203825e-05    0.00026830418115509    3.7255104493372e-05    0.00022246979248619    2.5262783021063e-06    6.6804177254021e-05    0.00079807408348032    0.00015032535596626                      0                      0                      0    3.1804181132689e-05    0.00013258557226958    1.8774324215265e-05    0.00010743825731918    4.5076416999024e-07    1.4799576173452e-05    7.6856484864773e-05     9.963648439637e-06        982.73681640625         17.26318359375                      0          8.41943359375                      0          0.45361328125           0.1591796875                      0                      0           0.0107421875          0.00244140625                      0                      0         95.95361328125           0.0068359375        940688.39160156        9714.5297851562
                      0                     19                   2048                   1000     0.0027531794086983    3.7291059563849e-05      9.14922675741e-05                      0    0.00046988304005025     0.0019626113481328    5.7827759274875e-05    3.0123751957767e-05    4.4630380872768e-05    4.6490190426685e-05    1.9919042966166e-06    4.5889580073677e-06     4.041015966294e-09    4.3321811720176e-06    3.4641093105137e-08    3.9126948347956e-08    4.6654789365164e-08                      0   -1.7583226064488e-05   -8.0407817882211e-05    6.1258790484686e-08    3.6946765202828e-08    6.4772939012414e-08     2.542823018814e-08    3.2426265672569e-08     3.227538236672e-10    1.9531043449206e-11    1.3241012863929e-07                      0                      0                      0    5.1810105957895e-05    0.00038259652881978    4.2857368175664e-05    0.00033827045458779    2.6505556665057e-06    6.9778044437641e-05    0.00086689478954893    0.00016249278321467                      0                      0                      0    2.4785266602212e-05    0.00016614919678259    1.9596937983923e-05    0.00010074935448712    4.0399706868754e-07    2.1597332528156e-05     8.883937303672e-05    3.5561982420163e-05         981.2626953125          18.7373046875                      0            9.025390625                      0           0.2666015625          0.08642578125                      0                      0          0.01025390625           0.0029296875                      0                      0         103.7607421875           0.0107421875        941795.46826172          9136.44921875
                      0                   19.5                   2048                   1000     0.0043603153911169    4.3602342767901e-05    8.3616009280529e-05                      0    0.00075284998974157     0.0031755442065537    7.9522882337812e-05    5.2971121577539e-05    8.0875625983801e-05    6.1740806643673e-05    2.7801293964735e-06    5.4625981449341e-06    4.6572266043654e-09    1.8988519530083e-05    3.5640632667366e-08    5.3604022554055e-08    4.5481927557489e-08                      0   -1.2597062013953e-05   -0.00010680951609565    6.2785144194777e-08    3.7136716368735e-08    7.9564934196696e-08    2.6464844093965e-08    3.2422363460682e-08    2.1093704560826e-10    1.9531487538416e-11    1.6580419437418e-07                      0                      0                      0    0.00013758971387734    0.00073716828760384     7.946707129225e-05    0.00059092897313828    3.5464311527456e-06    9.8871522947075e-05     0.0012011199833899    0.00021577136767315                      0                      0                      0    7.6925172370235e-05    0.00026844004003612     3.767588330339e-05    0.00019929486281089    6.5013328942598e-07    2.2905889641045e-05     7.894837304967e-05    2.5698930663953e-05         984.0517578125          15.9482421875                      0          7.68603515625                      0           0.2939453125           0.0712890625                      0                      0            0.005859375          0.00146484375                      0                      0          89.1806640625            0.005859375         930242.8515625        10815.448730469
                      0                     20                   2048                   1000      0.005183203396486    8.6465433116967e-05     0.0001086851787182                      0    0.00080583454736027     0.0037075847407251    0.00013659544385103    7.1786297368259e-05    0.00012758128614054    6.3815517579169e-05    2.0912363294823e-05    5.7182539059397e-06     4.495605665511e-09    4.5444237769754e-05    3.7257322116346e-08    5.6510251589259e-08    5.3353017559488e-08                      0   -1.5040601092586e-05   -0.00013034876756457    6.3370126923701e-08    3.8488281006721e-08    9.1153808945421e-08    2.7937978597237e-08    4.7861338003941e-08    2.2509771824275e-10    1.4648282586904e-11     1.667763522839e-07                      0                      0                      0    0.00015026783885563    0.00095691407421983    8.1263050766722e-05    0.00064306679881465    3.7508720405199e-06    0.00011311399560432     0.0013400488974646    0.00026304439111824                      0                      0                      0    6.9957939472953e-05    0.00029791705273263    2.8637165519818e-05    0.00019490286670143    6.4645263009311e-07    3.8600281244694e-05    9.5568805177582e-05     3.064621972948e-05        980.57861328125         19.42138671875                      0           9.4228515625                      0           0.0732421875          0.02880859375                      0                      0          0.00244140625          0.00048828125                      0                      0         105.8779296875           0.0029296875        918504.15478516        12961.426757812
                      0                   20.5                   2048                   1000     0.0038604706245255    3.3396644050665e-05    8.8848058598323e-05                      0    0.00063027496533152     0.0028890319775532    6.7667207018562e-05    3.8972537098836e-05    5.0659694351918e-05     3.996531934547e-05    3.7956914114012e-06    4.2178237307233e-06     3.140625093323e-09    1.0281476066076e-05     5.002295688783e-08     4.021385358044e-08    4.6111341411859e-08                      0   -5.1835004959422e-06   -8.1297845196282e-05    1.4369727541208e-07    3.6112300705327e-08    9.6017088502265e-08    2.3144048899582e-08     3.273827697825e-08    5.8691407289757e-10    1.4648726676114e-11    1.9783152849229e-07                      0                      0                      0    0.00013070609374211    0.00066709175830137    5.7353058105836e-05    0.00041560172217503    8.6585908243286e-06    8.8562143560456e-05     0.0011809330346577     0.0001648072812479                      0                      0                      0    5.3854216314431e-05    0.00019979368309642    2.7058247558553e-05     0.0001889907592787    6.5094042245306e-07    2.5517046382539e-05    6.1060602046137e-05    1.0895466798111e-05        981.24169921875         18.75830078125                      0             9.03515625                      0          0.52880859375           0.1689453125                      0                      0          0.01708984375             0.00390625                      0                      0         102.1494140625           0.0185546875        912810.28369141        13294.241210938
                      0                     21                   2048                   1000     0.0032547606904352    3.5353034180563e-05     8.174607861422e-05                      0    0.00055427493652482     0.0024162559858336    5.7328784187849e-05    2.5480105458442e-05    2.7386895018466e-05    4.3404265618552e-05    1.6450644424459e-06    4.4084633792352e-06    5.1855466587369e-09    5.0487206890715e-06    3.3922846753853e-08    3.7945321995636e-08    5.7191890334707e-08                      0   -5.6508329868699e-06   -6.1482730482787e-05    1.1166845448329e-07     3.581495011673e-08     8.873484791394e-08    2.0904294295576e-08    3.2024426221966e-08    2.3437518592573e-10    1.4648726676114e-11    1.3062013559662e-07                      0                      0                      0    8.8329004881427e-05    0.00041449428415907     4.371153467897e-05     0.0003530598032202    3.4057290041467e-06    8.4869890124573e-05     0.0011178364443518    0.00012506318212813                      0                      0                      0    4.4113758297826e-05    0.00017941801073684    2.3309213373235e-05    0.00015027344433349    6.5342725408257e-07    2.1413477042653e-05    7.0072250015318e-05    1.1776999992108e-05         983.9658203125          16.0341796875                      0          7.83642578125                      0           0.8603515625          0.29150390625                      0                      0           0.0185546875           0.0048828125                      0                      0          85.3466796875           0.0146484375        913453.90966797        12914.409667969
                      0                   21.5                   2048                   1000     0.0046378088076313    5.3149857428991e-05    8.5703039055307e-05                      0    0.00088405872460484     0.0033364465366161    9.6695571770944e-05    4.6262664064933e-05    5.6922912102575e-05     5.294705419967e-05    7.3705429803894e-06    5.3344589843185e-06    4.5888670641148e-09    1.0699407708703e-05    3.4138667004413e-08    4.0027340109106e-08    4.6763181327236e-08                      0   -1.0594264634012e-05   -0.00010394984570716    6.3825186025213e-08     3.782079049941e-08     8.915038041124e-08    2.2633779739323e-08    3.2618156620146e-08    1.4208989540521e-10    1.4648726676114e-11    1.3883006388937e-07                      0                      0                      0    0.00015251865138577    0.00093248954247072    7.1895053710413e-05    0.00048519396434754    3.8989526460753e-06    0.00011790515771581      0.001245878275892    0.00020988775389386                      0                      0                      0    7.0399250006403e-05     0.0004074009834043    5.6375306149548e-05    0.00020355047217491     6.529140592626e-07    2.6419993647497e-05    6.9981299315902e-05    2.1663148916939e-05           983.52734375            16.47265625                      0            8.126953125                      0                0.03125          0.01220703125                      0                      0           0.0009765625          0.00048828125                      0                      0         90.22900390625                      0        912572.40869141        13155.262207031
                      0                     22                   2048                   1000     0.0031702429956244    2.1561826661021e-05    7.2065855961867e-05                      0    0.00046879633837538     0.0024515255639663    6.4504039549274e-05    2.1699217770177e-05    3.0117503417859e-05    2.3213198735661e-05    1.9895312481921e-06    6.6413759762796e-06    4.2905270447591e-09    5.7703945395282e-06    3.4682139826714e-08    3.8138197044901e-08    4.5330563747115e-08                      0   -4.5316567440778e-06   -6.7762781740033e-05    5.7114758700294e-08    3.5582006674417e-08    9.5612796791045e-08    2.2097163654422e-08    3.2130375693384e-08    3.6181591056561e-10    1.9531043449206e-11    2.2643164809821e-07                      0                      0                      0    8.9555616221038e-05    0.00042739645265488    4.3213489743454e-05    0.00043986607666069    3.3405136599107e-06    7.8959850100535e-05     0.0010604358891522    0.00013759237841082                      0                      0                      0    3.6314148926131e-05    0.00014753556542768    2.5001186025442e-05    0.00011320280663796    6.1688037034102e-07    1.9393731431894e-05    5.5426436535555e-05    9.5434155280572e-06         984.5380859375          15.4619140625                      0          7.65185546875                      0           0.5849609375          0.18408203125                      0                      0          0.01416015625          0.00341796875                      0                      0           84.951171875           0.0166015625              911278.75        13682.122558594
                      0                   22.5                   2048                   1000     0.0044519069541016    6.9089918935283e-05    0.00010161774658268                      0    0.00067390947460666     0.0033306937006903    8.1009530279452e-05    5.3398967292839e-05    6.7717990232197e-05    4.0662213376397e-05    7.9738037128685e-06     4.921791016077e-06    6.9370118538359e-09     1.854346433694e-05    4.8028805377243e-08    3.9226574877205e-08    4.4365724871653e-08                      0   -1.6301902353799e-05   -9.4755736831598e-05    5.8737807506759e-08    4.7002438829935e-08    9.3376457677152e-08    2.2388176201815e-08    3.2403321359453e-08    2.4414070765033e-10    1.4648282586904e-11    1.5316162871315e-07                      0                      0                      0    0.00012546894142274    0.00077599083446467    6.4466035155863e-05    0.00050139763574775    3.9035844623392e-06    0.00012554207666549     0.0013291017890475    0.00019217391846293                      0                      0                      0    7.4033097644755e-05    0.00022556991650635    3.1679842289023e-05    0.00015850225879044    7.2461328493034e-07    2.8221372073478e-05     8.360362353077e-05    3.3131930677666e-05         983.7724609375          16.2275390625                      0            7.873046875                      0              0.5390625           0.2099609375                      0                      0            0.013671875           0.0029296875                      0                      0          87.0771484375               0.015625        910923.50634766        13231.303222656
                      0                     23                   2048                   1000     0.0036073817578162    4.5153333004144e-05    8.1506917970042e-05                      0    0.00060269489404696     0.0025956505073084    7.9821086427678e-05    6.6445482905575e-05    6.0512686524739e-05    4.9575219730702e-05    4.1141533091427e-06     3.579820313071e-06    3.2583007403275e-09    1.5832441897512e-05    3.4116213853963e-08    4.0429192438296e-08      4.47241172985e-08                      0   -5.9328266335257e-06   -9.2786988270976e-05    6.0418457348277e-08    3.7206053793426e-08    8.7419428140834e-08    2.1994628784938e-08    3.2568362229313e-08    3.0810509699108e-10    1.4648726676114e-11    1.4465380848705e-07                      0                      0                      0    8.9383139184385e-05    0.00052479827636942    4.7680358395752e-05    0.00038887577294622    4.1448139533884e-06    7.9658025382123e-05     0.0011561581582162    0.00018854217625863                      0                      0                      0    4.8761065430281e-05    0.00024115247412082    2.5232191406488e-05    0.00013601873632574    6.5324902198682e-07    2.8620134763901e-05    6.1320411626209e-05    1.2389682118474e-05         981.1728515625          18.8271484375                      0          9.13720703125                      0           1.0224609375          0.33251953125                      0                      0          0.03466796875          0.00830078125                      0                      0        101.79833984375           0.0400390625        909300.66845703        12453.624511719
                      0                   23.5                   2048                   1000      0.002458072007812    2.2564593750829e-05     7.564792187198e-05                      0    0.00039633442676967     0.0018420433627813    3.1147457538072e-05    1.5150557615584e-05    3.1667476074748e-05    2.8679588378822e-05    2.0211147488958e-06    4.3922685541986e-06      3.67919916755e-09    6.1439926621887e-06    5.4689448081291e-08    3.9061030410181e-08    4.5389174196941e-08                      0   -3.6971958019549e-06   -3.3363481949156e-05     5.470116715145e-08    3.5749995408452e-08    8.5630858848162e-08    2.2940914057301e-08    3.2271008976181e-08    2.4951152255426e-10    1.4648282586904e-11    1.3398144904642e-07                      0                      0                      0    3.1426763683839e-05    0.00028456984520719    3.4937233392984e-05    0.00029822868310614    3.5735776569013e-06    6.7131088365979e-05    0.00091740015968211    6.8727848639316e-05                      0                      0                      0    1.6866466784116e-05     0.0001350496308592    1.9991688961607e-05    0.00011076452490455    7.2617432111954e-07    1.4799678711874e-05    4.5056614745409e-05    7.9148862464073e-06         980.5361328125          19.4638671875                      0           9.4873046875                      0           0.6591796875          0.22705078125                      0                      0          0.02490234375          0.00537109375                      0                      0        106.09521484375           0.0283203125        901460.68603516        14433.991699219
                      0                     24                   2048                   1000     0.0028938956362272    2.5895630851203e-05    8.3882707037297e-05                      0    0.00046444064892137     0.0021601553803747    5.3203645510091e-05    2.1012444343604e-05    3.9355002438679e-05    3.1688113282247e-05    2.3236249964143e-06     4.154864746031e-06    3.3803710941527e-09    5.6874355562897e-06    5.0698721665299e-08    3.7637207572772e-08    4.3355961487634e-08                      0   -6.3056992161137e-06   -5.7106494629089e-05    5.7542461018301e-08    3.5165533152082e-08    8.4189452742578e-08    2.1406246109024e-08     3.226171951809e-08    2.0556667479354e-10    1.9531043449206e-11    1.5990331458937e-07                      0                      0                      0    9.7975947274787e-05    0.00039906699123105    4.0861386710667e-05     0.0002915355210078    3.5959946269593e-06    8.5298732896977e-05    0.00098554859619338    0.00011638428566574                      0                      0                      0    3.6821630375439e-05     0.0001498318354578    1.9882901368895e-05    0.00012990084374387    6.2826318769638e-07    1.5051624506324e-05    5.3658687987124e-05    1.3121039543318e-05          981.349609375           18.650390625                      0          9.09716796875                      0          0.65283203125          0.21240234375                      0                      0           0.0146484375           0.0029296875                      0                      0        103.26025390625            0.017578125        896858.66796875        15300.373535156
                      0                   24.5                   2048                   1000     0.0036156781000898    4.1615524906113e-05    9.4049143056107e-05                      0    0.00070275624511806      0.002524930458994    0.00010221113427811    2.5601086920179e-05    6.6425231939782e-05      3.15044565391e-05    6.5711645658162e-06    3.8576479495234e-06    3.8696290616258e-09    1.4247263190992e-05    3.4380861269057e-08    3.7694825039125e-08     4.506444994945e-08                      0   -1.0761282710714e-05   -8.1167026347195e-05    6.2357422780934e-08    4.4632824991453e-08    1.0024317464996e-07    2.1477045031304e-08    3.2800790084053e-08     2.197260151604e-10    1.4648282586904e-11    1.4813573878669e-07                      0                      0                      0    9.1823544908554e-05    0.00053223929100588    4.8143911619558e-05    0.00039453132568124    1.1245479984101e-05    9.7470908203334e-05     0.0010845564980433    0.00016424879540544                      0                      0                      0    3.6190977060535e-05    0.00027797218993797    6.6957672856471e-05    0.00017536314160038    6.4972119728779e-07    1.8556757312993e-05      5.93424780444e-05    2.1995640135941e-05          977.869140625           22.130859375                      0         10.62451171875                      0          0.06982421875           0.0263671875                      0                      0          0.00244140625           0.0009765625                      0                      0        124.11279296875           0.0029296875        898444.48583984           16432.140625
                      0                     25                   2048                   1000      0.005357796529303    0.00011206158202492    0.00012223496680175                      0     0.0010031603955247     0.0036407187641729    0.00016870890723597    8.7295072761506e-05    8.4935100117978e-05    9.9956771974608e-05    1.0892317384048e-05    3.8489057616609e-06    3.8647458566743e-09    2.0992118169527e-05    3.5296870759538e-08    4.2665027955024e-08    4.8703128641137e-08                      0   -1.3006002422156e-05   -0.00014677824754239    6.5762215228915e-08    3.8618657161038e-08    1.0016015172809e-07    2.4514640983853e-08    1.4793455394013e-07    2.1582025055977e-10    1.4648282586904e-11    2.1500778180084e-07                      0                      0                      0    0.00020299790135425     0.0010226150522437    7.6229964359076e-05    0.00060276669481407    6.8387744058818e-06    0.00011637333055914     0.0012599380068266    0.00029651574414391                      0                      0                      0    8.8768401363293e-05    0.00037930430908384     5.674035448866e-05    0.00032299875244313    7.6773436497035e-07    2.7319071298049e-05    7.2751232413903e-05    2.6806595211593e-05        979.71044921875         20.28955078125                      0           9.9677734375                      0           0.1025390625              0.0390625                      0                      0           0.0048828125          0.00146484375                      0                      0          106.322265625            0.005859375        908301.27783203        14626.027832031
                      0                   25.5                   2048                   1000     0.0042018263925958    6.0862603525003e-05    9.1072402846226e-05                      0     0.0007151504467835     0.0030423872426768    7.4646702136416e-05    6.7959171393905e-05    6.8850367665796e-05    4.4987355463544e-05    3.8142817317954e-06    5.9995297854165e-06    4.1435543884916e-09    2.3556298336835e-05    3.4029299378346e-08    5.9690427711701e-08    4.9279297087423e-08                      0   -9.8444120970598e-06   -8.4912375475366e-05    1.1075538619565e-07     3.864210951221e-08    9.0276381037313e-08    2.3675791549493e-08    3.2850607123436e-08    2.7392577095497e-10     3.417977012532e-11    1.6589254947519e-07                      0                      0                      0    0.00012496134714413    0.00085102279883031    5.5941556162953e-05     0.0004425113237243    4.0874828912685e-06    9.3408756351998e-05     0.0011385048037056    0.00017237554491922                      0                      0                      0    5.6431913585619e-05    0.00028631789013334    3.8426746599374e-05    0.00016871657715534    7.6723925834798e-07    2.0818363767994e-05    5.8673043942026e-05     2.035434569736e-05        982.21533203125         17.78466796875                      0            8.712890625                      0               0.203125           0.0771484375                      0                      0             0.01171875          0.00341796875                      0                      0          91.6630859375            0.013671875        910498.44287109        15113.558105469
                      0                     26                   2048                   1000     0.0038526462949231    4.8572569817384e-05    9.7536664547704e-05                      0    0.00068106465282725      0.002793938315913    7.2767047860189e-05    4.8956549808743e-05    5.2693965340023e-05    3.6576610348504e-05    6.0554106440236e-06    3.6733383788068e-06     3.492675482164e-09    8.0873711065799e-06    3.4042480834273e-08    4.0656248589954e-08    4.6319814206441e-08                      0    -8.394101565834e-06   -7.9190979485944e-05    6.9773922195537e-08    3.9781740124312e-08    1.1027733481939e-07    2.2227051754697e-08    4.3195309995525e-08    1.8603563134434e-10    1.9531043449206e-11    1.5916897000423e-07                      0                      0                      0    0.00011846813723837    0.00063536355906768    4.4310450684204e-05    0.00039878060254095    4.0176201201447e-06      9.42715356409e-05     0.0011248938569439    0.00016087211668747                      0                      0                      0    6.9266699199488e-05    0.00025186019238443    3.1932027345416e-05     0.0001692081289062    7.7546337839962e-07    2.3841148924397e-05    5.7088619636492e-05    1.7369991205829e-05         978.8818359375          21.1181640625                      0         10.28271484375                      0          0.52880859375          0.18310546875                      0                      0            0.013671875             0.00390625                      0                      0        119.52880859375             0.01171875        911413.72851562        13678.527832031
                      0                   26.5                   2048                   1000     0.0052325105742108    7.7864335446431e-05    0.00010493769433673                      0     0.0010040019213919     0.0036893045835007    0.00011925417580061    8.5106484873698e-05    7.0625278797642e-05    5.1153132802018e-05    5.7647553792783e-06    4.5092114255851e-06    4.5102539480979e-09    1.5153529782097e-05    3.6613267528907e-08     4.500486339154e-08    4.8632314619823e-08                      0   -1.0910513186246e-05   -9.7956173339409e-05    7.6080553856883e-08    4.5588875341451e-08    1.0380566273227e-07    2.3524406866926e-08    3.3088380479995e-08    4.0087888564244e-10    1.4648282586904e-11    2.0667823275033e-07                      0                      0                      0    0.00021984520850538     0.0011318546699308    7.6481100096615e-05    0.00064796614112606    6.1488886640149e-06    9.4653002919554e-05     0.0011352996230438    0.00019853825634986                      0                      0                      0    0.00011707559472995    0.00041892317333758    3.9445088379608e-05    0.00027906450780835    7.9284082143971e-07    3.3895536142303e-05    5.5742359863942e-05    2.2411662112365e-05         978.4462890625          21.5537109375                      0         10.30029296875                      0           0.4013671875           0.1533203125                      0                      0          0.01220703125          0.00244140625                      0                      0        119.20556640625           0.0126953125        911697.35058594        13566.875976562
                      0                     27                   2048                   1000     0.0044588776738164    3.6759037112866e-05    0.00010256526856178                      0    0.00084058743114968     0.0032516032011847    8.4651858393237e-05    3.4587770515682e-05    4.8792664060215e-05    3.6509749509417e-05    4.1266894492686e-06    5.2423559573356e-06    4.4814454369657e-09    1.0927218746293e-05    3.5076182847149e-08    3.8609867303308e-08    4.5925776959166e-08                      0    -1.064007079421e-05   -9.2237604483625e-05    6.3130374261533e-08     3.827686212432e-08    9.6183121467419e-08    2.2488289896927e-08    3.2580091069434e-08     1.708988506266e-10    1.9531043449206e-11    1.6411427061769e-07                      0                      0                      0    0.00025644895700871    0.00089316827342056    5.1211434085374e-05    0.00050191101122099    3.7752465815721e-06    0.00010248730762363     0.0010033581943438    0.00018683609326775                      0                      0                      0    0.00012357326758572    0.00031135548094774    2.8732295411338e-05    0.00019328204882818    8.0686328463031e-07    3.3302101072774e-05    5.2830083498989e-05    2.2039313962718e-05        977.08251953125         22.91748046875                      0         11.09912109375                      0           0.4462890625          0.12841796875                      0                      0          0.01416015625          0.00341796875                      0                      0           126.52734375          0.01806640625        913785.40869141        13409.049316406
                      0                   27.5                   2048                   1000     0.0046461375996087    4.1973241211579e-05    0.00010710326709207                      0    0.00089664589892191     0.0033532086025412    8.2193594245883e-05    4.3442395017745e-05    5.9569272956139e-05    3.9568297365289e-05    4.2049970780944e-06    3.1160112303752e-06    5.9096678661774e-09    1.2457799336563e-05    3.5114740004616e-08    4.0287120306459e-08    4.5775408352711e-08                      0   -1.0239627934894e-05   -9.4676652835357e-05    6.1566896025766e-08    3.7337897218492e-08    9.1699706938897e-08    2.2416980272055e-08    4.3809564864716e-08    2.1093704560826e-10    1.9531487538416e-11    1.5108447515289e-07                      0                      0                      0    0.00028967786815315    0.00096491298487722    5.4265612794868e-05    0.00050995513185859    4.6943178739767e-06    0.00010408700976861     0.0010092074257804    0.00019174368260844                      0                      0                      0    0.00011793930617054    0.00037205990575906    3.1479511235499e-05    0.00020814288525095    8.0528808998892e-07    3.1876701649836e-05    5.8300198736205e-05    2.1085037109625e-05        981.33349609375         18.66650390625                      0          9.08349609375                      0          0.69677734375           0.2646484375                      0                      0          0.01611328125          0.00439453125                      0                      0        107.06884765625           0.0126953125        917214.20898438        12980.109863281
