                my_rank                   Time                N_steps             N_real_loc            Total                  PP_single              PP_cluster             PP_cross               Tree_NB                Tree_Force             Force_corr             Kick                   FindCluster            CreateGroup            MPI_comm               Output                 Status                 Other              Bar_Total              Bar_PP_single          Bar_PP_cluster         Bar_PP_cross           Bar_Tree_NB            Bar_Tree_Force         Bar_Force_corr         Bar_Kick               Bar_FindCluster        Bar_CreateGroup        Bar_MPI_comm           Bar_Output             Bar_Status             Bar_Other                  Sample_ptcl            Domain_deco            Ex_ptcl                SetRootCell            Make_LT                Make_LET               Make_GT                Make_Group             Make_I_list            Calc_force             Write_back             Sample_ptcl            Domain_deco            Ex_ptcl                SetRootCell            Make_LT                Make_LET               Make_GT                Make_Group             Make_I_list            Calc_force             Write_back             PP_single              PP_cluster             PP_cross               Cluster                Cross                  AR_step_sum            AR_tsyn_sum            Stab_Ngroup            Iso_Ngroup             Form_Ngroup            End_Ngroup             Modf_Ngroup            Merg_Ngroup            H4_step_sum            H4_no_NB               Ep-Ep_sum              Ep-Sp_sum  
                      0                    0.5                   4096                   1000     0.0024874267927308    2.3032027091086e-05    9.1450419436034e-05                      0    0.00045719992919913     0.0017369894326178    4.0185336184884e-05    2.4610837646044e-05    5.5365285154707e-05    4.6820207523002e-05    1.9881992086024e-06    2.2702626956139e-06    1.5532226615989e-09    5.9255212390141e-06    3.5610095538985e-08    3.8133062263412e-08    5.0876220791807e-08                      0   -1.2513569333406e-05   -5.3117333008723e-05    5.6216562072109e-08    5.5498038831203e-08    6.9980230055222e-08    2.4192379433075e-08    3.2298818286591e-08    9.5214724993298e-11    7.3243633380571e-12    1.1011645839609e-07                      0                      0                      0    3.3298264900949e-05     0.0004058063500969    4.0162120113818e-05    0.00024606228369528    2.8061022954162e-06    5.7343348142558e-05    0.00080788786571895    0.00010797229028126                      0                      0                      0    2.7743561769933e-05    0.00014739724463064    2.1914502922993e-05     0.0001130763857411    5.1198071959746e-07    1.9829615242051e-05    9.1598536618553e-05     2.547510546469e-05          977.060546875           22.939453125                      0        11.124755859375                      0          0.26416015625         0.093505859375                      0                      0          0.01416015625          0.00341796875                      0                      0         112.6787109375         0.177001953125        937067.25585938        9095.3374023438
                      0                      1                   4096                   1000     0.0039164145087891    5.6327153077129e-05    0.00010007345850127                      0    0.00073566693065841     0.0027243362626856    9.7307839595828e-05    4.2850505123981e-05    7.2451108899863e-05    6.5820962163343e-05    5.1143361805561e-06    2.2582578125263e-06    1.5974122025142e-09    1.1641385494032e-05     7.792186917932e-08    4.0121107325319e-08    1.5522883225483e-06                      0   -1.4260112553455e-05   -0.00011030350219343    7.2602025946722e-08    4.3724845966153e-08    8.2555662972439e-08    2.4576899182449e-08    3.3359124351762e-08    1.1499023955253e-10     1.000977079002e-11    1.8976610305366e-07                      0                      0                      0    0.00011009980810184    0.00066535720726879    7.8154567875632e-05    0.00044761678638094    7.1100251484157e-06    0.00012248855445285     0.0010227593979435    0.00022575366551014                      0                      0                      0    4.7948956297672e-05    0.00028726879467711     3.322459009647e-05    0.00020410004565474    6.9644579991923e-07    2.7313419185049e-05    7.1748045907816e-05     2.904805248849e-05        980.93774414062        19.062255859375                      0         9.367431640625                      0           0.2119140625         0.076904296875                      0                      0           0.0107421875          0.00341796875                      0                      0        95.265380859375         0.094970703125        894821.59448242        18619.002441406
                      0                    1.5                   4096                   1000     0.0023602458437575    2.5993664552582e-05    9.3735316648802e-05                      0     0.0004300705683622     0.0016420633510683    4.1313073490645e-05    1.9859592055527e-05     4.535357422486e-05    4.7334770505669e-05    3.5243825651232e-06    2.6108503414779e-06    1.9470214329687e-09    6.6265310012525e-06    3.5621104066408e-08    4.2524891163964e-08     5.653050694221e-08                      0   -8.3853745047602e-06   -5.8645096454812e-05    5.9114248607273e-08    3.4889880540234e-08    6.1722165822786e-08    2.3458985420888e-08    3.2511231040644e-08    7.8125061975243e-11    7.3241412934522e-12    1.1192822690909e-07                      0                      0                      0    3.9946937981483e-05    0.00034336744433339    5.5495550280726e-05    0.00029471768945433     5.701101083444e-06    8.5411889902964e-05    0.00069335845630603    0.00011890305347806                      0                      0                      0    1.9611121831353e-05    0.00015752318017115    2.0356850591874e-05    0.00012158796460149    6.1278979202051e-07    2.9585555169742e-05    6.1794811532456e-05    1.7324527586071e-05        977.75317382812        22.246826171875                      0         10.66455078125                      0           1.7099609375           0.6162109375                      0                      0           0.0732421875         0.018798828125                      0                      0        114.61059570312           0.2470703125         879746.4296875        20647.933349609
                      0                      2                   4096                   1000       0.00278007601123    4.1269046392234e-05     0.0001085601745594                      0     0.0004579217536651      0.001956897380613    6.4587280512063e-05    3.4517416509061e-05     6.208964941079e-05    3.7561579589562e-05    3.6509772898263e-06    1.9348312989553e-06    1.6093750776491e-09    8.9488117720471e-06    3.6497552313719e-08     3.887230914934e-08    6.5743883892466e-08                      0   -9.1297016557856e-06   -7.1601770013086e-05    6.3112290726863e-08     4.163842626248e-08    7.0915777916625e-08    2.6832268407162e-08    3.2930901339157e-08     1.711424335582e-10    9.7657437692078e-12    1.3316992708567e-07                      0                      0                      0    3.6310774402804e-05    0.00046105515210004    5.6148905269504e-05    0.00032017905541304    5.1794362887492e-06    0.00010740891992711    0.00082809711401333     0.0001451760620077                      0                      0                      0    1.1203855952768e-05    0.00018459479394961    3.1370209963466e-05    0.00013266570605652    6.7417895621702e-07    3.0924903070995e-05     4.651701099001e-05    1.8743180419278e-05         981.0361328125          18.9638671875                      0         9.270263671875                      0          3.01708984375          1.07275390625                      0                      0         0.107666015625         0.025634765625                      0                      0        96.932861328125          0.22900390625        878740.66455078        20766.991943359
                      0                    2.5                   4096                   1000     0.0022622794235698    3.5582841806825e-05    9.1204491448282e-05                      0    0.00038004440405026     0.0015752786599041    4.5201850358945e-05    3.4315919674288e-05    4.6646593506505e-05    4.0761923099764e-05    2.8577092283655e-06    2.2823793945914e-06    1.7536621044201e-09    6.1370502941749e-06    3.5089354311069e-08    4.2120594789807e-08    4.7763684785096e-08                      0   -4.4735944912944e-06    -4.448681834357e-05    5.4765123991274e-08    3.5667979014775e-08     6.455346501788e-08    2.2804437227464e-08    3.7641111561015e-08    8.0566442406393e-11    9.7657437692078e-12    1.1389209531032e-07                      0                      0                      0    3.0866673587537e-05    0.00037792559864802    5.2465508320942e-05    0.00029939599828155    3.3305390665372e-06    0.00010494932568061    0.00061391309571324    9.0662235089578e-05                      0                      0                      0    1.1752161381606e-05    0.00014608364379809    2.5698313966371e-05    0.00012522590674413    6.2437207160038e-07    2.4211703370636e-05    3.4892358888872e-05    9.3546179236181e-06        980.53369140625         19.46630859375                      0           9.5263671875                      0          1.99755859375         0.700439453125                      0                      0         0.068603515625           0.0166015625                      0                      0         98.63525390625         0.174072265625        882405.40234375        20176.857177734
                      0                      3                   4096                   1000     0.0021808091831033    3.1138780995921e-05    7.5556623528206e-05                      0    0.00040242086816544     0.0015073593044417    4.1739070800739e-05    3.2760361570849e-05    4.0624621093999e-05    3.5952286371321e-05    2.7482665858614e-06    2.7858676761028e-06    1.5507812811677e-09    6.1360446788061e-06    3.4862790876389e-08    3.7381586270868e-08    4.5886234811832e-08                      0   -6.6139360308526e-06   -5.3448742685314e-05    5.5492927586442e-08    3.5230224737504e-08    5.9822020004319e-08    2.6328861091329e-08    3.2441643815773e-08    6.1034954867978e-11    7.3241412934522e-12    9.7124503550816e-08                      0                      0                      0    2.1695761229568e-05    0.00036391240062805    4.4416319583185e-05    0.00035402297387122    3.0355969351525e-06    9.2338672359915e-05    0.00051617926513181    0.00010850815967434                      0                      0                      0    1.4060483145784e-05    0.00015937780518183    2.9992948254343e-05    0.00011956662109824    5.6623168065428e-07    1.9271084475969e-05    4.8384735355178e-05    1.3610052976176e-05        983.09228515625         16.90771484375                      0              8.2265625                      0          0.14111328125            0.052734375                      0                      0         0.004150390625         0.001220703125                      0                      0        82.713623046875             0.09765625        876690.93969727        20383.050537109
                      0                    3.5                   4096                   1000      0.002964427509033    5.3177686037076e-05    7.9284597161111e-05                      0    0.00065798646851079     0.0018918225041469    8.1571309085593e-05    6.0595560544385e-05    6.4902840341663e-05     5.265885546879e-05    7.0824531284153e-06    2.3852211914477e-06    2.5708006834435e-09    1.1353007577597e-05    3.6158679606046e-08     5.639648725797e-08    5.4399657889448e-08                      0   -8.1331642995952e-06   -7.6170292002242e-05    6.8300064937077e-08    3.8401614332884e-08    7.1570548154654e-08    2.2228518137268e-08    3.3239007546371e-08    1.7382806305477e-10    9.7655217246029e-12    9.8780267521192e-08                      0                      0                      0      4.08865832493e-05    0.00053028857983484    6.9631861336683e-05     0.0004263055996121    4.9042290122259e-06    8.6221745359216e-05    0.00060570216284805    0.00015415520288209                      0                      0                      0    1.9725946763804e-05    0.00025523793481153    3.6040283200256e-05    0.00026512120922617    6.3187402044029e-07    2.5030708000306e-05    4.5289701907647e-05    1.6672777343185e-05          984.458984375           15.541015625                      0         7.639892578125                      0          0.39013671875         0.134521484375                      0                      0          0.01318359375          0.00341796875                      0                      0         74.01904296875         0.093017578125        882825.85522461        20381.777832031
                      0                      4                   4096                   1000     0.0026620664287118     3.369139061693e-05    8.2711772223742e-05                      0    0.00046764671288835      0.001859765880617    7.8822428713599e-05    3.0263861812374e-05    5.1262065678515e-05    3.9093109378552e-05     3.705975596846e-06    2.4555048829811e-06    2.1086425938677e-09    1.0588975838388e-05    3.6280032755798e-08    4.0041012061565e-08    7.1737306317488e-08                      0   -6.0408042095172e-06    -8.436638451359e-05     6.398438556765e-08    4.2424800783536e-08    7.5489986262056e-08    2.3346432120874e-08    3.3269044186213e-08    1.7602541646511e-10    7.5683903588697e-12    1.4526731750841e-07                      0                      0                      0    3.1902895501812e-05    0.00040874358204146    5.9473044192959e-05    0.00031072069750193    3.5714621706706e-06    8.5001191168388e-05    0.00082037923682088    0.00017083718627386                      0                      0                      0    1.8509234369635e-05    0.00019432813476228    3.2743226568543e-05    0.00014001795899077    7.1247729938051e-07    2.2215879394771e-05    4.6873097901967e-05    1.2649469240067e-05        982.37060546875         17.62939453125                      0         8.624755859375                      0           0.3173828125          0.11767578125                      0                      0         0.011962890625         0.003662109375                      0                      0        83.254638671875         0.100830078125        889720.10083008        18638.059082031
                      0                    4.5                   4096                   1000      0.002949180969722    5.2382404541085e-05     0.0001002923129847                      0    0.00047992155811083     0.0020475235871662    9.5102464354291e-05    4.7485699460559e-05    7.1532006349795e-05    3.8164280526054e-05    4.1840090410084e-06    2.3405439453228e-06    8.9892577825879e-09    8.2734284583275e-06    4.2752199558294e-08    5.5215809258158e-08    6.7528551195295e-08                      0   -1.2869622560974e-05   -0.00011406199388908    9.5024645041519e-08    3.8950201730614e-08    9.3794930045021e-08    3.0594479394352e-08    4.9695558335117e-08    8.8134388676053e-11    1.4648726676114e-11    1.3879859039889e-07                      0                      0                      0    4.2629718515874e-05    0.00042377167577601    5.4062642826036e-05    0.00033437926392343    3.0735263545356e-06    8.9988350575387e-05    0.00093694745117912    0.00023015149340644                      0                      0                      0    1.8460323479852e-05    0.00017058008104964    3.0420033199308e-05    0.00013991142992964    9.0630883908815e-07    2.2161203361515e-05    7.7850654054856e-05      2.62164277407e-05        980.33935546875         19.66064453125                      0          9.63330078125                      0         0.337158203125          0.10595703125                      0                      0         0.013427734375         0.004150390625                      0                      0        97.104248046875         0.113037109375        902763.98754883        13256.287841797
                      0                      5                   4096                   1000     0.0017133615290454    2.2008449949151e-05    7.3333633526129e-05                      0    0.00030582810938151     0.0012088852082486    1.8905577616746e-05    1.7500323955755e-05    3.1793154052551e-05    2.4956124514031e-05    1.8466271907158e-06    2.0498383790368e-06    1.6975096883698e-09    4.6298981808413e-06    4.1299094810654e-08    3.7634513727625e-08    5.5400904308556e-08                      0   -3.7461159405616e-06   -2.1258958522896e-05    5.8003897240866e-08    3.4239234114608e-08    5.3130871258134e-08    2.1205322386919e-08    3.2433353780448e-08     1.369633295667e-10    9.7655217246029e-12    1.0464672195454e-07                      0                      0                      0    1.5099601318624e-05    0.00022729960716061    3.1924960676388e-05    0.00017642424415731    2.2726548110086e-06    5.3326864742687e-05    0.00063171289454722    4.4107605498223e-05                      0                      0                      0    4.9525295202635e-06     0.0001045782790583    1.8200176750582e-05     7.341270190464e-05    3.0223070890401e-07    1.6699070780835e-05    7.0964516378336e-05     7.906346660036e-06         983.1162109375          16.8837890625                      0           8.2431640625                      0          0.53076171875               0.171875                      0                      0               0.015625             0.00390625                      0                      0         84.67919921875          0.12744140625        944175.89648438        8303.7062988281
                      0                    5.5                   4096                   1000     0.0032694056491791    4.6311249278563e-05    9.7081771483154e-05                      0    0.00061510153149369      0.002227536466537    9.2416138911311e-05    4.5205752679411e-05    7.2255215089356e-05    5.2897073974378e-05    3.6988637708291e-06    2.2869497064981e-06    1.4333494391394e-09    1.2711581045988e-05     3.625634725779e-08    6.6880848414996e-08    4.7394761004682e-08                      0   -1.4703734870558e-05    -9.204621024983e-05    7.2282482665997e-08    3.7913835182479e-08    8.7976076645901e-08     2.429003798099e-08    4.3829589735367e-08    1.1230483210056e-10    7.3239192488472e-12    1.3622437577965e-07                      0                      0                      0    3.9421918450522e-05    0.00055165440746263    6.9399007805337e-05    0.00042780302927037    6.2547783223899e-06    0.00010308044531904    0.00086928854711665    0.00018682714087825                      0                      0                      0    2.2699377203672e-05    0.00021151087669047    3.0073168950207e-05    0.00021362489061749    4.0807689494216e-07    2.6802149404315e-05    9.3787000487566e-05    2.9843306639243e-05        980.97705078125         19.02294921875                      0            9.220703125                      0            0.197265625          0.06396484375                      0                      0           0.0087890625         0.001708984375                      0                      0            92.85546875         0.143798828125         934541.5612793        11437.673828125
                      0                      6                   4096                   1000     0.0030333283774433    4.6559300784565e-05    9.7941874015017e-05                      0    0.00051829130785963     0.0021229419011002    6.7583415773953e-05    4.3930285887672e-05    6.3208896728284e-05    4.2206989264049e-05     8.111766106822e-06    2.4301687009398e-06    1.8735351048349e-09     1.839123899261e-05    7.0479002634016e-08    3.8846209360344e-08    8.7058597220135e-08                      0   -9.6374143168099e-06   -8.3179730951954e-05    6.5401109861085e-08    4.3642101932306e-08    6.9174789896209e-08    2.3084474776169e-08    3.3197504745175e-08     1.323243736806e-10    9.7655217246029e-12    1.2103124857887e-07                      0                      0                      0     4.124928883753e-05    0.00054165716894605    7.3115939210666e-05    0.00042194350561742    5.0714365253945e-06    0.00010958316308107    0.00078992427805469    0.00016824266306781                      0                      0                      0     1.948585791256e-05    0.00020162021679671     3.263248681673e-05    0.00014655101024719    6.4302660796045e-07    3.3881915777911e-05     6.790944286772e-05    1.9726706303125e-05          981.939453125           18.060546875                      0           8.7353515625                      0         0.333251953125          0.12646484375                      0                      0         0.010009765625           0.0029296875                      0                      0        91.712646484375         0.115966796875        909264.61547852        17371.844482422
                      0                    6.5                   4096                   1000     0.0023736545783866    3.3804714849595e-05    8.4638950433646e-05                      0    0.00039071655079015     0.0016759573903808    6.3257603025058e-05    3.6337395527664e-05    4.3935142329143e-05    3.0520102059395e-05    2.8393012856398e-06    2.5148505859995e-06    2.2871096128085e-09    7.3910683648926e-06    3.5057121205995e-08    3.7685067955096e-08     4.412549214905e-08                      0   -9.0509362595803e-06   -6.9016899918228e-05    5.5136734289363e-08    1.0118383864111e-07    9.6276113303873e-08    2.1568121066906e-08    3.1914787257392e-08    1.0766632030368e-10    9.7659658138127e-12    9.6185060804999e-08                      0                      0                      0    2.7893102279908e-05    0.00033468855519825    3.9190533450917e-05    0.00023392574388925    2.9512177541768e-06    8.7540329093638e-05    0.00083299120262215    0.00013987608202681                      0                      0                      0    1.6169078117745e-05     0.0001266368996542    1.9787057871312e-05    0.00010330483422605    3.0996558075813e-07    2.9289592531789e-05    8.1490572031218e-05    1.8543744381372e-05             981.109375              18.890625                      0           9.2177734375                      0         0.182861328125         0.062255859375                      0                      0         0.008056640625         0.002197265625                      0                      0        92.634033203125           0.1123046875        945542.47509766        10923.538085938
                      0                      7                   4096                   1000     0.0026789755607752    4.0374390874565e-05    8.6154298587715e-05                      0    0.00044463760105318     0.0018691864323905    6.6184185290474e-05    4.7943175534915e-05     6.509253053677e-05    4.4004908929196e-05    3.0152497556557e-06    2.2608896488308e-06    1.7539063534855e-09    8.5457670917499e-06    3.5420150812371e-08    3.7724353418866e-08     4.519457696972e-08                      0   -1.3726605732511e-05   -7.3468996065973e-05    9.0306639943805e-08    5.0180191113469e-08    5.9466780832906e-08    2.1912837766536e-08    3.2527110338521e-08    1.3208012461519e-10    7.3239192488472e-12    1.0622558921369e-07                      0                      0                      0     3.702780081305e-05    0.00039853646971855    4.2946604733807e-05    0.00029834374462157    2.8890666694537e-06     8.258369946379e-05    0.00088478676637394    0.00014864519480806                      0                      0                      0     1.133859594038e-05    0.00014027260131222    2.9588627679988e-05    0.00012120396849857    4.3033985441809e-07    1.9561915047372e-05    9.9027805653407e-05    2.7855177239022e-05        982.29370117188        17.706298828125                      0          8.74560546875                      0         0.393310546875           0.1201171875                      0                      0         0.010498046875         0.002685546875                      0                      0         86.50732421875         0.067626953125        927611.67773438        14151.137695312
                      0                    7.5                   4096                   1000     0.0026338409702285    3.4199573967442e-05    8.8387917206667e-05                      0    0.00039360440282765     0.0019284736992353    5.7795307847552e-05    3.2803902316747e-05    4.9269125254714e-05    3.2883045882226e-05     2.881627196416e-06    2.7697983395747e-06     3.162597739248e-09    9.1092392970893e-06    3.6177981499463e-08     3.885816557414e-08    6.0650375388605e-08                      0   -1.1978423814618e-05   -8.6545314914588e-05    7.1436749404796e-08    5.0463374368093e-08    7.2480688118048e-08      2.15268656234e-08    3.2612058387116e-08    2.2021495738045e-10    2.1972645924961e-11    1.2678317018455e-07                      0                      0                      0    2.8369262946804e-05    0.00034860130539638    4.4088934314512e-05    0.00028003642065899    2.9528344831498e-06    0.00010549649511082     0.0009718047141174    0.00017487968919472                      0                      0                      0    1.3391842768939e-05     0.0001453640991298    2.1025988260259e-05    0.00010498601562769    5.4187036857556e-07    2.2732057853414e-05    6.2830070072906e-05    2.4402094236375e-05        982.69848632812        17.301513671875                      0             8.44140625                      0         0.227294921875         0.077392578125                      0                      0          0.00927734375          0.00244140625                      0                      0          86.8935546875         0.088623046875        897038.01831055        18628.150390625
                      0                      8                   4096                   1000     0.0023136822629333    2.6793851571227e-05    8.3814105241053e-05                      0    0.00037086596629532     0.0016888510981503    4.2011220474425e-05     1.855830175268e-05     3.955476172246e-05    2.9331424074908e-05    2.3492846712436e-06    2.1798693845554e-06     1.947021210924e-09    7.7079616866982e-06    4.8555662157668e-08    3.7529042984374e-08    6.2038552961496e-08                      0    -5.281608419061e-06   -6.1904600308527e-05     5.681543990832e-08    4.3311064068519e-08    5.9021717735419e-08    2.1444580777796e-08    3.2668965754823e-08    1.0766632030368e-10    7.3239192488472e-12    1.0745066747475e-07                      0                      0                      0    1.7769259520684e-05    0.00029484367847132    4.3832279774669e-05    0.00022956512892414     3.444438003708e-06    8.7412786609953e-05    0.00088754143505732    0.00012561555785506                      0                      0                      0     1.290533985232e-05    0.00012328649903681    2.3983833992602e-05     0.0001100734631283     1.574065684018e-06    1.9120350583268e-05    6.7594910150071e-05    1.1021216559826e-05        980.71728515625         19.28271484375                      0         9.437744140625                      0         0.276123046875          0.10009765625                      0                      0         0.010498046875           0.0029296875                      0                      0         98.03955078125          0.09228515625        890916.46899414        19245.215332031
                      0                    8.5                   4096                   1000     0.0021535308588767    2.9787999511921e-05    7.8598907000682e-05                      0    0.00034450727417612     0.0015342549194237    5.1471538585535e-05    3.2342703377708e-05    3.6803522708517e-05    3.0700411136397e-05    3.9605375814489e-06    2.7265744630967e-06    2.2185058234925e-09    6.6232729536431e-06    3.4760945233359e-08    3.7563006927144e-08    4.4648449826212e-08                      0   -9.1436262334987e-06   -5.8871081085599e-05    5.6255124114557e-08    3.5503911366419e-08    5.7019774235556e-08    2.1138908845586e-08    3.8421381187703e-08    6.6161742751092e-11    7.3243633380571e-12    1.2396335957732e-07                      0                      0                      0    2.0646800774848e-05    0.00030179219359994    3.2933420638148e-05    0.00021094003734312     3.164211188178e-06    7.6983247781381e-05     0.0007785903220392    0.00011952397413717                      0                      0                      0     9.310334229351e-06    0.00010864022556101    1.8303862794777e-05    0.00010065342237109    6.9841333250054e-07    1.7405903319556e-05    6.5149909908691e-05    1.8878281748513e-05            981.6484375             18.3515625                      0           8.9931640625                      0           0.1220703125         0.043212890625                      0                      0         0.006591796875         0.001708984375                      0                      0        90.533447265625         0.093994140625        876058.02416992        24433.406738281
                      0                      9                   4096                   1000     0.0018334401379323     2.371250633848e-05    6.9512676740047e-05                      0    0.00029463603248381     0.0013415900771632     2.793431567083e-05    1.7675707987053e-05    2.6475718978958e-05    2.2775583975676e-05    1.4831345205302e-06    2.2494814455598e-06    1.9958497077255e-09    3.8154707038274e-06    3.4582982255671e-08    3.7082273696143e-08    4.5022940042827e-08                      0   -4.6140642120385e-06   -4.0581226037784e-05    5.4029298812708e-08    3.4930185854876e-08    5.3976093372654e-08     2.103321072866e-08    3.2262707172492e-08    2.4975532753047e-10    1.9531043449206e-11    9.8907215750899e-08                      0                      0                      0    1.3693607187282e-05    0.00023037571800266    3.3447270005205e-05    0.00018186219921557     2.893764436962e-06    8.0276616464037e-05    0.00070508743262021    8.2714677226647e-05                      0                      0                      0    6.8333654854591e-06    9.7119052246519e-05    1.6219348144553e-05    7.7283201162626e-05    6.2769288255993e-07    1.5950337905579e-05    6.2269357396172e-05    9.6978061674413e-06        982.85107421875         17.14892578125                      0         8.349365234375                      0            0.376953125          0.13134765625                      0                      0             0.01953125         0.004638671875                      0                      0        83.916259765625           0.1259765625        876313.63842773        25488.405761719
                      0                    9.5                   4096                   1000     0.0019742242649254    2.4023342763524e-05    6.9801912114364e-05                      0    0.00033164961962084     0.0014151960217208    3.6390363276961e-05    1.6586708756261e-05    3.9598244865768e-05    3.0785580815706e-05    1.6979643557846e-06    2.0418325190619e-06    1.8009032931587e-08    4.8196613495755e-06    3.4181378616438e-08    3.7116200779508e-08    4.7762450439137e-08                      0   -5.7003283879808e-06   -4.9576016332153e-05    5.5253172703829e-08    4.0925271171943e-08    5.6021951966301e-08    2.1495596413956e-08    3.2076201694764e-08     1.467288512913e-10     1.708988506266e-11    8.5227069401839e-08                      0                      0                      0    1.4912409627144e-05    0.00026674031276563    3.1590766591538e-05    0.00020736414990585    3.2732084824794e-06    7.0853170173635e-05    0.00072015791333113    0.00010067461350793                      0                      0                      0    6.1894834142429e-06    0.00011991907688635    1.8982367185671e-05    8.1700024407549e-05    5.4458423415227e-07    1.3630479253735e-05    7.2632909177361e-05     1.182923438181e-05         983.6064453125          16.3935546875                      0           8.0419921875                      0         0.494384765625           0.1826171875                      0                      0           0.0263671875         0.007568359375                      0                      0        86.618408203125         0.107177734375        907880.13818359        18004.534667969
                      0                     10                   4096                   1000     0.0022461699699559    3.0881858378073e-05    8.5891434538521e-05                      0     0.0003737299064821     0.0015898744961129    4.4728685054007e-05    2.9145304700773e-05    4.4588321565175e-05    3.3859245128554e-05    2.2434848667707e-06    2.4350847169785e-06    1.8957519998253e-09    6.8727780688782e-06    3.9373297955336e-08    4.5851575869449e-08    4.5086912869863e-08                      0   -6.4299990523153e-06   -6.8068894298889e-05    6.6665521103459e-08    3.6165507477648e-08    6.6195534387248e-08    2.1852541998157e-08    3.7653106854663e-08    1.7846657485165e-10    7.3239192488472e-12    1.3259131570464e-07                      0                      0                      0    1.8503611552312e-05    0.00029765241208723    4.1185299558766e-05    0.00025131823485403    4.2042131327413e-06      7.49154025943e-05    0.00077193081663118    0.00013830038917328                      0                      0                      0     6.738440915921e-06    0.00012497071337458    2.0699800047819e-05    0.00010022214600403    3.4866015496959e-07    2.0095152108546e-05    7.9527262939916e-05    1.3257609638551e-05         981.0791015625          18.9208984375                      0          9.23193359375                      0           0.3837890625         0.140869140625                      0                      0         0.026611328125          0.00537109375                      0                      0        95.563720703125          0.15185546875         946681.5949707        10157.317871094
                      0                   10.5                   4096                   1000     0.0022224786147351    2.6039178704362e-05    8.6929533213986e-05                      0     0.0003739142990673     0.0015856694345744    4.5027278577248e-05    1.9421592996505e-05    4.0769312743993e-05    3.2755812751972e-05    2.5585915599535e-06    2.3265073241241e-06    1.6828614057829e-09    4.8545773969622e-06     3.998974307251e-08     3.861938102645e-08     4.655979113366e-08                      0   -7.6309223890902e-06    -5.893452000505e-05     5.779885459134e-08    3.5915284968269e-08    8.2562740200132e-08    3.8318620276812e-08    3.2864500898455e-08     1.516116121536e-10    7.3239192488472e-12    1.1220970730363e-07                      0                      0                      0    2.4760020035597e-05    0.00028301849732282    3.9942039553154e-05    0.00024000678954339    3.5542238654429e-06    7.1965481679648e-05    0.00081019108377278    0.00011989431543213                      0                      0                      0    9.6761230397036e-06    0.00012414748999179    1.9178437750345e-05    0.00010344425683861    4.5103271339997e-07    1.9873359629052e-05    7.5834322753821e-05    1.5690418469827e-05            981.0703125             18.9296875                      0               9.140625                      0         0.464111328125            0.169921875                      0                      0         0.032470703125           0.0068359375                      0                      0        96.856201171875          0.18212890625        940417.94580078        9677.5344238281
                      0                     11                   4096                   1000     0.0021097328911095    2.8802659151506e-05    7.3650720703089e-05                      0    0.00034737744408986     0.0015101498249659    4.2010165524076e-05    2.6755903564268e-05    3.9970438944881e-05    2.6777982677029e-05    3.4416936385284e-06    2.9351364752017e-06    3.1359861374369e-09    6.1362487491223e-06    3.5043706603233e-08    3.8760255893777e-08    4.4392342690713e-08                      0   -6.3533862224574e-06   -5.3327678168014e-05    7.2172350318311e-08    5.8786364220964e-08    5.3799822374856e-08    2.1350833545597e-08    3.7162593446993e-08    1.4892576061243e-10    9.7655217246029e-12    9.6453637077332e-08                      0                      0                      0    1.7027203127018e-05    0.00030932871142886    4.2384010479513e-05    0.00021699135641651    2.9768816105502e-06    8.1514153088769e-05     0.0007286295210176    0.00010836816452864                      0                      0                      0     8.534437730745e-06    0.00012681712792073    1.8238816670735e-05    9.2221320804775e-05    6.5130248261269e-07    1.6020261963678e-05    6.6817711435352e-05    1.3049912102048e-05         983.0693359375          16.9306640625                      0         8.245849609375                      0          0.52880859375         0.190185546875                      0                      0          0.02978515625          0.00732421875                      0                      0        85.485595703125           0.1298828125        919914.90917969        13909.468261719
                      0                   11.5                   4096                   1000     0.0015315517897991     1.728566845971e-05    6.8236060784432e-05                      0    0.00026463036011082     0.0011074395495743    1.2770072012724e-05    7.2864164946118e-06    2.4204293469055e-05    2.1919209231225e-05     1.117501245318e-06    1.8772084957597e-06     2.172119373256e-09    3.2052953997663e-06    3.4815449190262e-08    3.6654529633751e-08    5.1458506344915e-08                      0   -3.4542363289702e-06   -1.8465703329085e-05     5.157787885679e-08    3.3584230507699e-08    5.1128165257097e-08    2.1823979068358e-08    3.2079827239073e-08    1.5405277054015e-10    9.7655217246029e-12    8.2342261009671e-08                      0                      0                      0    1.3329958742592e-05     0.0001935884306663    2.6534435551451e-05    0.00017055378806674    2.4466633079534e-06    6.1246729492925e-05    0.00057636895606761    3.8478946508658e-05                      0                      0                      0    3.7287922260987e-06    8.3880165278494e-05    1.6981698968799e-05    6.9454786388867e-05    5.0161206299748e-07    1.3223633057002e-05    6.1460179686001e-05     7.271775873896e-06         980.6318359375          19.3681640625                      0         9.503173828125                      0          0.44677734375         0.151123046875                      0                      0          0.02783203125          0.00537109375                      0                      0        99.774169921875          0.11767578125        918321.31420898        14189.582519531
                      0                     12                   4096                   1000     0.0014160291233032    1.5361387688095e-05    6.3379720953716e-05                      0    0.00025071749902494     0.0010213865451454     1.013138304895e-05       6.4981538066e-06    2.1334704610076e-05     1.884129639329e-05    1.5592097133421e-06    2.3782854006171e-06    2.0620114504766e-09    2.9827295069396e-06    3.4940419890717e-08    3.6466551112113e-08    4.3115951253725e-08                      0   -2.5945869119859e-06   -1.0457354751914e-05    5.1269043677138e-08    4.2242665809766e-08    4.8443835609646e-08    2.0517572085765e-08    3.2193858690022e-08    7.8612671927658e-11    1.9531487538416e-11     8.408835894258e-08                      0                      0                      0    7.5338713338979e-06    0.00018774664844123     2.746466139536e-05    0.00014705510302004    2.6057111934819e-06     5.716198901462e-05    0.00053430221120632    2.2274304194436e-05                      0                      0                      0    3.9074538604744e-06    8.4377578611239e-05    1.5183323958556e-05    6.5899644786427e-05    4.7173218309382e-07     1.421485790809e-05    5.1869488769452e-05    5.5219467749446e-06        982.79077148438        17.209228515625                      0         8.374267578125                      0          0.62548828125         0.214111328125                      0                      0            0.033203125          0.00634765625                      0                      0           87.513671875               0.140625        926070.03393555        12636.169189453
