4.39564889525528e+01 -2.84647418611131e-01 -1.51153803198034e+00 6.13365198497415e+00 -3.36322779820596e-02 1.18473079456723e+02 6.29034877750572e-02
5.90626215269948e+01 -2.84650439443783e-01 -1.51153803198034e+00 6.13365198497415e+00 -3.36322779820596e-02 -8.80879848099507e+01 6.29034877750572e-02
1.20803787557065e+02 4.47218711693343e+00 4.03673326245608e+00 9.33890466989082e-01 1.21100420986934e-01 4.37343392648315e+02 -7.16880639933360e-02
1.24437302789557e+02 4.47218572818196e+00 4.03673326245608e+00 9.33890466989082e-01 1.21100420986934e-01 -4.24497911863095e+02 -7.16880639933360e-02
1.90690225790799e+01 -2.80952350008397e+00 2.33327288110829e+00 -1.77768574056438e+00 1.56159076895711e-01 1.07087883090268e+02 7.28040113738280e-02
2.37711435801930e+01 -2.80952552372029e+00 2.33327288110829e+00 -1.77768574056438e+00 1.56159076895711e-01 -8.58901975213675e+01 7.28040113738280e-02
1.00000000000000e+01 1.72875240186774e+00 -6.04729968781114e-01 -2.94210296521609e+00 -1.51040221038134e+03 -6.77855207635654e+01 1.75217641602720e-03
1.00000000000000e+01 1.72875208529145e+00 -6.04729983383298e-01 -2.94210296521609e+00 1.51059218616777e+03 6.74146220842805e+01 1.75217641602720e-03
2.70000000000000e+01 -1.82555444555703e-01 -2.50074873069575e+00 -2.13301544985518e+00 -1.29435530104320e-02 1.42072355009975e-01 4.74490397711351e-02
1.08031000000000e-01 -2.00046776983333e-01 -5.55394386188774e-01 -3.21249079442028e+00 5.46211994272408e-02 -7.68571146736250e-03 1.47257655592474e-01
9.13090000000000e-02 -2.97028596129260e+00 7.00072855720034e-01 3.43128348947399e-01 1.27731091441941e-01 -2.58156562801027e-01 -4.10174199060244e-02
1.04985000000000e+00 -2.54501036496754e+00 5.21249243639887e-01 -1.51342847531313e+00 -1.28663226964896e-01 -9.65504992111351e-02 -5.35253579113624e-02
8.96470000000000e-02 -2.35750587129298e+00 -1.52949996628688e+00 9.14267916724272e-01 -1.04115518539862e-01 6.25244447095875e-02 8.18496562021994e-02
6.29997000000000e-01 -7.25037331596602e-01 -3.18751288058010e-01 2.67935874263784e+00 1.31959606857675e-01 -1.09073049101194e-01 1.42305982688165e-01
2.90760000000000e-01 -1.63685525737462e+00 2.01867822106842e+00 -3.24068147331387e-01 3.12258716415588e-02 -1.03146344915063e-02 8.48712209871096e-02
1.62943000000000e-01 -6.51601979822912e-01 1.74526511666048e+00 1.80096359220033e+00 6.24494996590655e-02 -8.05357735908029e-02 -2.73463602816169e-01
2.52664000000000e-01 -2.45505955394538e+00 -2.38096256224102e-01 -1.11206109454294e-01 -6.10124900494523e-02 1.86258181549993e-01 -9.33459865704856e-02
2.34942000000000e-01 7.62597206791145e-01 2.33529432650131e+00 -2.72894570400734e-02 -9.58802756750489e-02 1.08449222839100e-01 -1.12737912369813e-01
1.44876000000000e-01 -1.16087520571751e+00 -7.51438595384038e-01 -1.90813453489748e+00 1.18486853542884e-01 -2.44315049631056e-02 2.44824777517444e-01
1.19949000000000e-01 -2.20405478640574e+00 7.21268039496969e-01 3.54089063333696e-01 -5.43095524753955e-02 3.04191542476385e-02 1.72218847511711e-01
1.34764000000000e-01 -2.02539827573757e+00 7.67260306057811e-01 -2.66455877205037e-01 -5.22601687413400e-03 1.31050374144939e-01 6.43087155586151e-02
1.16368000000000e-01 1.38816388383621e+00 3.37600303867720e-01 -1.64591347021879e+00 1.10946033581408e-01 -5.60793636308590e-03 -3.11741994817647e-02
1.32473000000000e-01 -7.68315931897618e-02 -2.02970741926883e+00 -6.84656064978710e-01 -3.26534574419636e-02 -1.46290692069055e-01 4.48414505874300e-04
1.22575000000000e-01 5.66016857973294e-01 -7.16175918585965e-01 -1.90124804361968e+00 2.10603558707348e-02 -1.48339196559730e-03 -8.29455009889623e-02
5.77911000000000e-01 9.10869118506948e-01 1.40833247497000e+00 1.26001992348543e+00 5.42632481484569e-02 3.18116722542418e-02 -7.23119741550810e-03
2.39566000000000e-01 -1.60153363784639e+00 6.05498429230670e-01 1.07144060109826e+00 -1.74331305619682e-02 3.32549420482240e-03 2.85532491770287e-02
1.32284000000000e-01 9.78553029336013e-01 -1.32408666853265e+00 1.14114568817463e+00 1.36976876081095e-01 -1.98322201572782e-01 3.69656600293109e-02
8.15800000000000e-02 1.12857580305701e+00 -9.62693923419698e-01 -1.33799391929015e+00 6.83236423284507e-02 1.41777473307609e-01 7.84599049549380e-02
9.33030000000000e-02 -1.22529425664054e+00 -1.16272618779409e+00 -1.02891036211837e+00 4.62476921513616e-02 -4.40256555320971e-02 1.28067809474911e-01
1.18254200000000e+00 6.28745729763034e-02 -5.45290598223289e-01 1.88188855030978e+00 6.92465548231029e-02 -2.39420257194086e-01 6.49267022060035e-02
1.43687000000000e-01 -1.85558625939111e+00 -9.12773458897798e-02 -3.18167234892628e-01 1.40182256480156e-01 -1.06251921278581e-01 -1.84434425893566e-01
3.25086000000000e-01 1.11467276091474e+00 -3.94871456489505e-01 -1.35255001538857e+00 -1.09032502974140e-01 1.89855766306744e-01 8.72943378350352e-02
1.47595000000000e-01 3.03554407144076e-01 -6.35543475871603e-01 -1.63504614013474e+00 2.41033418358388e-01 -1.29268913011766e-01 -7.37338614823890e-03
5.15261000000000e-01 -6.35214007527897e-01 1.20844968039262e+00 -1.13105007541418e+00 6.70761733756451e-02 -1.14506689763146e-01 -1.18860732713753e-01
3.22009000000000e-01 1.55913820840864e+00 4.00811043647377e-01 -6.28964177555248e-01 2.58655495907306e-01 1.09170728476105e-01 -7.46420235886156e-02
7.72651000000000e-01 1.54829616283625e+00 7.09651063897159e-01 -8.22037093625565e-02 -3.83458842645585e-02 -1.48338981436404e-02 2.47292969450692e-01
2.14530000000000e-01 -9.12650328433460e-01 -7.63120387016174e-01 -1.10743891838837e+00 1.76184718308616e-01 -4.01784305109099e-02 3.53856676468290e-02
8.87930000000000e-02 2.86341956839156e-01 1.24276513926303e+00 -9.81228798571617e-01 1.84556802644752e-01 6.53952286426396e-02 5.79748543758793e-02
2.30080000000000e-01 -2.56710188271603e-01 -1.46094971178364e+00 5.11388989591026e-01 6.01781166925679e-02 5.01160833089215e-02 1.01551054758197e-01
1.87789000000000e-01 -1.83772409280772e-01 1.40239447761446e+00 -6.14531154169366e-01 1.51330183415663e-01 4.82549879393173e-02 -7.29319347320655e-02
4.51662000000000e-01 -8.82543496236279e-01 -7.05584663428784e-01 -1.04786766169529e+00 -4.89171485925990e-02 1.73026205276906e-02 -6.84912464825500e-04
2.66124000000000e-01 1.05101011805082e-01 1.37572455412279e+00 -6.52333421975251e-01 3.89163870013359e-02 -1.78480594685636e-01 7.01710701200560e-02
2.75316000000000e-01 -8.95044806288743e-01 5.19898641209910e-01 -1.11488193964590e+00 1.87000086170888e-01 1.28307437214644e-01 -2.53120273508153e-02
1.42103000000000e-01 -1.01304851919245e-01 5.40346686563568e-01 -1.41559930850981e+00 -1.73038268376422e-02 2.04874757932845e-02 -1.77157036166914e-01
1.05884000000000e-01 5.86772165406013e-01 -6.10489051008060e-01 -1.25723778788516e+00 5.46606868453044e-02 1.83591125626247e-01 3.63317688120846e-02
1.41374000000000e-01 8.89531395870732e-01 -8.81939008607599e-02 -1.20535448200270e+00 7.44582850919866e-02 -8.38163265625070e-03 2.35085387122934e-01
9.61960000000000e-02 1.18338606995859e-01 -1.41620587409117e+00 -4.42722176820806e-01 1.92107513119042e-01 5.60759157610569e-02 -3.16966211811734e-01
4.74983000000000e-01 5.93598443033309e-01 -4.43506345385907e-01 -1.28168227179662e+00 -1.85050607904112e-01 -1.89799176268155e-01 -1.22231410859716e-01
1.31809000000000e-01 2.84076330404983e-02 -9.75822468183282e-01 -1.10242249453981e+00 -9.82015704025426e-02 -7.75280119770204e-02 -6.14108376009888e-02
6.04182000000000e-01 3.73315912561765e-01 -6.01519955631958e-01 -1.27730081783702e+00 6.61173411173590e-02 -7.46144454094354e-02 -9.28268733411767e-02
6.79860000000000e-01 -6.28095861402119e-02 8.23661392042318e-01 -1.13625922360588e+00 3.75705581801790e-02 -1.44776021910862e-01 1.72515972280371e-01
6.64284000000000e-01 5.54287913097485e-01 -1.08717475450325e+00 6.52221491441967e-01 -1.53837317344225e-01 8.56751465232527e-02 2.12087436593338e-01
1.03900000000000e-01 1.50505754155752e-01 1.05045300612133e+00 -8.86716989425249e-01 1.70668911504542e-01 1.15273132644731e-01 -3.90334282598340e-02
1.38780000000000e-01 6.04766917394476e-01 -4.30330719206343e-01 -1.15234823809575e+00 2.68310347026141e-01 -4.48441616793834e-02 1.43059029233007e-01
2.15707000000000e-01 -7.62941689475848e-01 -1.05012026695388e+00 -3.48240887585301e-01 6.32998236712166e-02 -2.56099642334825e-01 2.60586289121745e-01
3.20094000000000e-01 -6.91839206869114e-01 -8.99362697355751e-01 5.51510458452475e-01 -6.01928467279043e-02 -5.23992630470220e-02 -1.80642873346374e-01
9.89430000000000e-02 -1.22300307054129e+00 2.11782730124450e-01 1.52471991833713e-01 -9.57319878175468e-02 7.52879203807353e-02 -5.69490943050079e-02
3.23409000000000e-01 6.01660819330911e-01 2.32523808403636e-01 -1.00709474159948e+00 1.11296950036636e-01 -1.33488672549090e-01 1.65239403114062e-01
5.21668000000000e-01 1.09789507039724e+00 -3.55077702370293e-01 1.36019708158799e-01 -1.77033068247476e-01 5.85172015564578e-02 1.08373869998032e-01
1.22133000000000e-01 4.44247893095109e-01 -8.25272318736354e-01 -6.33801601966211e-01 3.14263015483083e-01 1.12227530148361e-02 2.85959633787074e-02
1.04592000000000e-01 -5.55759911502114e-01 9.85993222578845e-02 9.51998753917753e-01 1.12710308140252e-01 -1.90046461135815e-01 7.30631017934288e-02
3.26577000000000e-01 -2.39618048620546e-01 -4.42351903952450e-01 -9.47736774896235e-01 1.35469104734657e-01 8.56250000998791e-02 1.06507676648499e-01
2.61610000000000e-01 -5.81242520332636e-01 8.09491818213863e-01 3.94639929248741e-01 5.38925047018675e-02 8.19770608572481e-02 4.58172469898245e-02
1.64464000000000e-01 -6.01135989552194e-01 -3.58239077824099e-01 -8.10175420161221e-01 2.56103743631044e-01 -5.25546919715435e-02 -8.87283316817991e-02
9.50370000000000e-02 1.74340271774617e-01 5.60294013274591e-01 -8.84440155777759e-01 -1.16528754340890e-01 -1.35169009690253e-01 -2.30752349044343e-01
2.58835000000000e-01 -2.88096940115553e-01 -7.61314339145670e-01 -6.69274016090205e-01 -1.00518098647204e-01 -2.49864489460259e-01 -7.27682655713172e-02
3.10477000000000e-01 -2.79509458368500e-01 -8.56104206728946e-01 5.25171461775014e-01 1.38910711269811e-01 1.86680138475114e-01 2.77067039028367e-02
1.95234000000000e-01 1.01628511268717e+00 -9.08700987599916e-02 1.58386530898095e-01 1.78225093174027e-01 2.10923849707900e-01 -2.03886237967022e-01
2.62964000000000e-01 -7.87805993493373e-01 -6.37706482990466e-01 -1.63195906225705e-01 1.54874341048932e-01 1.92710217111268e-01 -3.47448839682131e-02
2.02646000000000e-01 -7.48972838308259e-01 -1.93929990980496e-01 6.68041004190691e-01 3.02748947356282e-02 -1.73201707984063e-01 -1.53982991779907e-01
3.98205000000000e-01 7.50032809499431e-01 -1.34365428385796e-01 -6.47608459124100e-01 1.09077058102016e-01 6.01790731021306e-02 4.95675463239717e-02
2.30600000000000e-01 1.45812542398981e-01 -6.61594082276563e-02 9.66195857941086e-01 -2.26358467333362e-01 -2.51562996002234e-01 9.85164046743880e-02
9.73680000000000e-02 -5.04566815353237e-01 -7.88473852544839e-01 2.63280664487571e-01 -6.76265348466542e-02 -3.47192475535555e-02 -2.18634816165011e-01
6.58463000000000e-01 -5.42567362717098e-01 -6.70915143095864e-01 4.27459633512023e-01 -4.67545470624131e-02 -1.43687040246543e-01 -1.68322591144340e-01
1.36438000000000e-01 4.48209309006489e-01 2.28442151915136e-01 -8.15324612592808e-01 7.30594894374712e-02 3.38303419811629e-01 -9.88454598685170e-03
1.61851000000000e-01 1.98982974573729e-02 1.54666899845500e-01 -9.12703988883523e-01 -2.47876895519504e-01 2.70000496197103e-01 -5.00250159540847e-02
1.21953000000000e-01 -6.05121652876381e-01 -6.51508083691038e-01 -4.68461515234980e-02 -1.85050571658243e-01 2.08441083678564e-01 -1.96693923288928e-01
1.48483800000000e+00 -4.47390807299700e-01 -7.06692998257294e-01 -1.90960036123964e-01 8.72860948563624e-02 2.80052322614132e-01 2.31663044645331e-01
8.39620000000000e-02 -1.58905391040544e-01 -7.16493083495778e-01 -4.27655246210973e-01 1.99470524856618e-01 -7.38327325909560e-03 2.11521089037318e-01
2.59531300000000e+00 2.99779694528198e-01 -9.10364446490577e-02 7.72237707547422e-01 -9.98907209293080e-02 2.47093868223358e-02 -1.01222697664141e-01
7.54674000000000e-01 1.78117915882548e-01 5.93652500654556e-01 5.25879841668177e-01 -4.14529268565346e-02 5.01182655508770e-02 -1.56518894379207e-01
4.80285500000000e+00 6.18928308546971e-01 -5.02809779873298e-01 1.50836743545175e-01 -4.57305811549981e-02 1.57175929430542e-01 5.22319297455069e-02
2.36215000000000e-01 7.57155519424089e-01 -2.51992996902513e-01 1.91276263410207e-02 -1.77376544003606e-01 2.19387166826470e-03 1.66642697356801e-01
1.01925000000000e-01 -5.79162686183350e-01 3.98287702876707e-02 5.22234200053922e-01 2.09743939061140e-03 1.64291960173499e-01 -4.26876797333050e-02
2.65093000000000e-01 2.18193223219843e-01 -5.83965362741904e-01 -4.67245914132396e-01 -9.25610852600262e-02 -2.26927584986999e-01 -2.71138789256789e-01
2.97033000000000e-01 -4.01673358439183e-02 -3.68624612861526e-01 -6.84210780177566e-01 3.74905153648637e-01 1.45437181984558e-01 -1.33554129184911e-01
1.33239500000000e+00 -6.21391467083438e-01 -1.46004041613055e-01 4.39685077568173e-01 -6.67750817489574e-02 1.08189863550485e-01 1.10640788362077e-01
3.21874000000000e-01 -5.99573001303413e-01 -9.26994998438491e-02 -3.87235042036225e-01 -2.22286354870558e-01 -1.09342471937092e-01 1.64093866157046e-01
3.27899000000000e-01 -6.29074492469989e-01 2.86800427810751e-01 3.44439069218386e-02 -1.82688631914610e-03 7.29570040944895e-02 2.25013430090206e-01
1.30685000000000e-01 7.22496736916876e-02 -4.16074809952650e-01 5.41606153416481e-01 1.74520795529451e-01 6.90807084305283e-02 1.43207975184788e-01
2.49019000000000e-01 9.57198160864123e-02 -2.24134590518753e-02 -6.70443891980078e-01 4.21001915344798e-02 2.93869352746336e-01 5.70218564112553e-02
4.02460000000000e-01 -2.22302529079964e-01 -3.08940242672318e-01 -4.37998040360949e-01 1.74506059177572e-01 -1.07103229106568e-01 -6.71350871908298e-02
7.12124000000000e-01 -2.45105987507666e-01 -7.26739049036950e-03 -5.09954751650647e-01 1.03529103593100e-01 5.37259877438027e-02 -3.29258472609896e-01
1.50644000000000e-01 2.15454868703794e-01 -4.85220425593180e-01 1.14928355254543e-01 1.17855761472066e-01 1.79540224468620e-01 -2.60091974314237e-01
2.81737000000000e-01 -2.33645457020016e-01 3.41722679644796e-01 -1.86285702331445e-01 -9.61948356809806e-02 1.92290923178233e-01 -2.31113226060258e-02
4.65985000000000e-01 -1.66101923902696e-01 3.63181114048130e-02 3.78076626369590e-01 7.37897799000596e-02 -4.03216676165786e-02 -2.02658479511081e-01
1.26999600000000e+00 -2.63975790531310e-01 2.52407598232434e-01 -1.32668803160437e-01 -1.72933625980097e-01 -1.74076812316296e-01 6.57616715901268e-02
7.35707000000000e-01 -3.03125401294115e-01 -1.42840361631174e-01 -1.32526274262303e-01 9.95369679198860e-03 1.60419643239930e-02 -1.43290195841317e-01
1.50662300000000e+00 -1.36203430528231e-01 -1.67366300623841e-01 -1.60843162032760e-01 7.38501555685636e-02 -3.90265238354288e-01 -2.82035954237787e-01
2.60216000000000e-01 -7.14440702074700e-03 -7.00353631780810e-03 1.70847828652454e-01 -3.73360455448134e-02 -3.22842065119536e-01 -1.43267425055378e-01
