                my_rank                   Time                N_steps             N_real_loc            Total                  PP_single              PP_cluster             PP_cross               Tree_NB                Tree_Force             Force_corr             Kick                   FindCluster            CreateGroup            MPI_comm               Output                 Status                 Other              Bar_Total              Bar_PP_single          Bar_PP_cluster         Bar_PP_cross           Bar_Tree_NB            Bar_Tree_Force         Bar_Force_corr         Bar_Kick               Bar_FindCluster        Bar_CreateGroup        Bar_MPI_comm           Bar_Output             Bar_Status             Bar_Other                  Sample_ptcl            Domain_deco            Ex_ptcl                SetRootCell            Make_LT                Make_LET               Make_GT                Make_Group             Make_I_list            Calc_force             Write_back             Sample_ptcl            Domain_deco            Ex_ptcl                SetRootCell            Make_LT                Make_LET               Make_GT                Make_Group             Make_I_list            Calc_force             Write_back             PP_single              PP_cluster             PP_cross               Cluster                Cross                  AR_step_sum            AR_tsyn_sum            Stab_Ngroup            Iso_Ngroup             Form_Ngroup            End_Ngroup             Modf_Ngroup            Merg_Ngroup            H4_step_sum            H4_no_NB               Ep-Ep_sum              Ep-Sp_sum  
                      0                    0.5                   2048                   1000    0.00091402535888019    9.1353623066226e-06    5.9175757782803e-05                      0     0.0001589889604503    0.00064098413087343     5.353031728994e-06    4.1893252040737e-06    1.6070984872663e-05    1.4410367674245e-05    7.2222655767007e-07    2.0663701167933e-06    3.4731444387148e-09    1.8926386928797e-06     3.082372224128e-08    3.2468728150548e-08     3.736034592805e-08                      0   -1.4427822065954e-06    -5.251118096794e-06    4.6272462306263e-08    3.0780762827476e-08    4.2397955368756e-08    1.6709462258291e-08    2.9950183666472e-08    2.6904256600346e-10    1.4648726676114e-11    7.2030251985211e-08                      0                      0                      0    5.1471450328577e-06    0.00012208119531909    1.8046285652495e-05    9.5895871573326e-05    1.6792636978735e-06    3.1998647432196e-05    0.00032580839454344    1.1522894999061e-05                      0                      0                      0    2.0354062542083e-06    5.3748155289135e-05    1.0209517053994e-05    4.0992153295782e-05    3.3517529374194e-07    8.8578627774893e-06    3.0174822765794e-05    3.1270903226854e-06        969.92138671875         30.07861328125                      0          14.4560546875                      0          0.52392578125          0.15869140625                      0                      0           0.0146484375          0.00341796875                      0                      0         147.2314453125           0.0146484375        938513.54101562        9509.4384765625
                      0                      1                   2048                   1000    0.00091403817530278    8.7679140667873e-06    6.4419423372541e-05                      0    0.00015651217626633    0.00063812284669407    5.3466904157418e-06    3.9865620058421e-06    1.5446256345086e-05    1.4067956548125e-05    8.2229247677645e-07    2.5351406245377e-06     2.930175213578e-09    1.8296782213767e-06    3.1113795095905e-08     3.168800333242e-08    3.7531266983137e-08                      0    -1.431499009108e-06   -5.1227607436033e-06    4.6800765041155e-08    3.0553218621776e-08    4.2163067703882e-08    2.6914037221104e-08    3.0266575912208e-08    2.3925839087724e-10    1.4648726676114e-11    7.0517047312535e-08                      0                      0                      0    4.7741586843841e-06    0.00012303099272959    1.8032388182654e-05    9.6831520484564e-05    1.6567568659198e-06    3.4590026861459e-05    0.00031944228077485    1.1269254904356e-05                      0                      0                      0    2.0142314589577e-06    5.3241020508743e-05    9.6418276482879e-06    4.0656886723056e-05    3.2458007126479e-07    9.1184062567251e-06    3.0139026341303e-05     3.116643548573e-06        966.84033203125         33.15966796875                      0            15.87109375                      0            0.923828125           0.3017578125                      0                      0          0.04052734375           0.0107421875                      0                      0        163.01806640625           0.0419921875        929263.72460938         11326.84765625
                      0                    1.5                   2048                   1000    0.00094134533400059    9.0478281151718e-06    6.1906004876988e-05                      0     0.0001649243242019    0.00065825063228964    5.3977900815738e-06    4.0592070300605e-06    1.5691732913936e-05    1.5004443345568e-05    7.7182813829069e-07    2.4946337884302e-06    2.8129880647043e-09    2.1985478797504e-06    3.1282713308656e-08    3.2528328475223e-08    3.8623060305554e-08                      0   -1.4768691745104e-06   -4.9380108313457e-06     4.725731184152e-08    3.1013635215515e-08    4.4742191285252e-08    1.7330085810841e-08    3.0014173368897e-08    2.1044943565585e-10    1.4648726676114e-11    7.2456530553211e-08                      0                      0                      0    4.4437914814566e-06    0.00012103785450801    1.7903677760778e-05    9.5188620600872e-05    1.8167681110626e-06    3.5414283703794e-05    0.00033901658300728    1.1052045922888e-05                      0                      0                      0    2.3917070004487e-06    5.4704890157353e-05     1.028155272742e-05    4.2081990237364e-05    4.8867823920773e-07    9.7480263567817e-06    3.2028926264083e-05    3.2002407230891e-06        969.22509765625         30.77490234375                      0             14.7421875                      0          0.83349609375          0.28173828125                      0                      0          0.04638671875            0.009765625                      0                      0        153.29150390625           0.0537109375        932034.91552734        10111.770019531
                      0                      2                   2048                   1000    0.00099914698485204    1.0246737807584e-05    6.8654417003877e-05                      0    0.00017565856103818    0.00069082969140499    6.5135009821304e-06    4.5954399539028e-06    1.7696022418967e-05    1.6544607889912e-05    1.0190522354847e-06    3.5646162110936e-06    3.9873047086303e-09    2.1720678979875e-06    4.2699214830577e-08    3.2800810956246e-08    6.3730975163878e-08                      0   -1.8339433305314e-06    -5.938464377131e-06    4.7602545905079e-08    3.1580571935308e-08    4.9990233286223e-08    1.7969249199723e-08    5.4574730512513e-08    2.1582025055977e-10    1.4647838497694e-11    7.7244640017682e-08                      0                      0                      0    4.4845067854737e-06    0.00013227935549676    2.0254512632434e-05    0.00010060236571796    1.9115849880791e-06    3.7756009779066e-05    0.00034859806004484    1.3290191412274e-05                      0                      0                      0    2.1732905279848e-06    6.0028678220192e-05     1.097873877498e-05    4.4317258313775e-05    4.2937061905945e-07    1.0277991710161e-05    3.3262668938328e-05    3.9409638725729e-06          966.443359375           33.556640625                      0         16.12548828125                      0          0.62548828125          0.22021484375                      0                      0          0.03564453125          0.00927734375                      0                      0         162.0263671875           0.0380859375        926510.07177734        11733.894042969
                      0                    2.5                   2048                   1000     0.0010805564067393    1.0337400393468e-05    6.4383800812529e-05                      0    0.00020002822656195     0.0007482849160132    5.9432016552563e-06    4.2633564367733e-06    1.6708173333768e-05    2.3625631347279e-05    8.8259131381108e-07    2.3664833985748e-06    3.2778313396875e-09    2.0262427060658e-06    3.2095691437917e-08    3.2681674255741e-08    3.7393548701914e-08                      0    -1.585863303788e-06   -5.8133154459128e-06     4.793554886362e-08    3.1011708756523e-08    5.3185048365378e-08    1.7696784482268e-08    3.0170908438265e-08    2.1044854747743e-10    1.4648726676114e-11    8.2703159876019e-08                      0                      0                      0    4.8711948350544e-06    0.00012955402100268    1.9677617181024e-05    0.00010900888722354    1.9776274200467e-06    3.7345597608152e-05    0.00038043725930503    1.2843433600196e-05                      0                      0                      0    2.5805644714438e-06    6.0545278812718e-05     1.102013378862e-05    5.1126918943822e-05    4.3245460545904e-07    1.1010187495941e-05    3.6304844241997e-05     3.461378430103e-06        969.97509765625         30.02490234375                      0           14.177734375                      0              0.9921875           0.3466796875                      0                      0           0.0478515625          0.01123046875                      0                      0        148.37060546875          0.05029296875        919112.02636719        12772.785644531
                      0                      3                   2048                   1000     0.0010398492456147    1.1229240241661e-05    5.7303459931823e-05                      0    0.00018324517627732    0.00073675703470588    5.8160566647203e-06    4.4111831547511e-06    1.4875676259685e-05    1.8837659662374e-05     7.652866340635e-07    2.7497172849777e-06      4.66699212609e-09    2.1498842865952e-06    3.1395006594437e-08    3.3043444425118e-08    6.0512207689101e-08                      0   -1.5625727174395e-06   -5.8946479351007e-06     4.791503460666e-08    3.1587388704679e-08     5.203367514639e-08    1.8967290849048e-08    3.0318853205813e-08    4.0576164650474e-10    1.4648726676114e-11     7.796630629997e-08                      0                      0                      0    4.4423462011167e-06    0.00012847511767333    1.9137961430715e-05    0.00010460790526068    2.0580224573408e-06    3.5302596683273e-05    0.00038801442967351    1.2996388220721e-05                      0                      0                      0    1.9399165145373e-06    5.6423932605298e-05     1.027225098138e-05    4.6626057129018e-05    3.8554200632035e-07     1.017456299568e-05    3.6863069330373e-05    3.4070922643181e-06                974.375                 25.625                      0         12.36279296875                      0          0.26904296875          0.08642578125                      0                      0           0.0126953125           0.0048828125                      0                      0        122.19384765625           0.0126953125        915356.06347656          13032.8671875
                      0                    3.5                   2048                   1000    0.00090628401710724    8.1798110569409e-06    4.8801499512585e-05                      0    0.00015344125634975    0.00065601790336434    4.9315834846908e-06    3.8618974373961e-06    1.2179624515163e-05    1.1811375983051e-05    7.2787547900077e-07     3.379298828321e-06    2.8471678348296e-09    1.6655888677164e-06    3.0145509199997e-08    3.1567402913879e-08    3.5029305678336e-08                      0   -1.3151381992316e-06   -4.5659076786109e-06    5.2407233219753e-08    3.0512213200495e-08    3.7731431312693e-08    1.5768065964039e-08    3.0058607158878e-08    2.0068391393124e-10    1.4648726676114e-11     6.677540387301e-08                      0                      0                      0     3.748082010091e-06     0.0001126053618119    1.5749372583862e-05    8.9162542986188e-05     1.528302221665e-06    3.1807904262493e-05    0.00036181585939055    9.9987202188956e-06                      0                      0                      0    1.7361132709226e-06    5.1006900392281e-05    8.6546328397219e-06    3.7752788099255e-05    2.8914356509091e-07    8.4762221703727e-06    3.4120346193767e-05    2.8451655449402e-06        975.40478515625         24.59521484375                      0         11.84033203125                      0          0.44384765625           0.1572265625                      0                      0           0.0087890625          0.00244140625                      0                      0          119.099609375            0.009765625        911337.47900391        14435.364746094
                      0                      4                   2048                   1000    0.00096776401223941     8.797508785463e-06    4.8698768535083e-05                      0    0.00016320395067915    0.00070436444776689    5.0426269444515e-06    3.9282646238092e-06     1.310516700137e-05    1.4667488276388e-05    7.5623730033669e-07    1.9816801763994e-06    3.2089850776629e-09     1.836907206787e-06     3.049609720307e-08    3.1653791587871e-08    3.4887213118395e-08                      0   -1.4659057576694e-06   -4.7249912160652e-06    4.6195276937055e-08    3.0377456994302e-08    4.0320816019346e-08    1.6808092695442e-08    3.0044436272192e-08    1.7578116739969e-10    1.4648726676114e-11    7.1494128839333e-08                      0                      0                      0     4.212894564759e-06    0.00011897278512762    1.6637271016862e-05    9.3406569366294e-05    1.6512871274799e-06    3.3518106925534e-05    0.00039055034814872    1.0427895028364e-05                      0                      0                      0    1.9078774151637e-06    5.1994287614043e-05    9.2893261882665e-06    4.0904787097951e-05    3.5631590833418e-07    8.5565595764336e-06    3.5765273923793e-05    3.1578764696505e-06        977.57568359375         22.42431640625                      0           10.880859375                      0           0.3896484375          0.13427734375                      0                      0               0.015625          0.00341796875                      0                      0          109.572265625           0.0166015625        902415.39404297        16198.315429688
                      0                    4.5                   2048                   1000    0.00093691067140789    8.7616874937524e-06    5.2565849606445e-05                      0    0.00016062006053463    0.00067263833448994    5.1059233463491e-06     3.724641562286e-06    1.3656203115886e-05    1.3137963873255e-05    7.5836570978538e-07    2.7739433594576e-06    3.6835938743707e-09    1.8442695415288e-06     3.063918452284e-08    4.0104492171622e-08    3.5553199495553e-08                      0   -1.3995312713178e-06   -4.7332059986971e-06     5.914601075574e-08    3.0273922924096e-08    3.7790032436646e-08    1.6826176008067e-08    3.0271968043394e-08    3.4716851615713e-10    1.9531043449206e-11    6.8971190536615e-08                      0                      0                      0    4.0255419806456e-06     0.0001181322255901    1.6552839348982e-05    9.1742571764364e-05     1.556182603224e-06    3.1553403283091e-05    0.00036759241165552    1.0413288094924e-05                      0                      0                      0    2.5459082380053e-06    5.3201271970948e-05    9.3646562495664e-06    3.9908215806683e-05    3.2155517981636e-07     8.557699228362e-06    3.5271246578539e-05    3.0254599687751e-06         974.3662109375          25.6337890625                      0         12.54345703125                      0           1.0029296875          0.34228515625                      0                      0          0.03369140625              0.0078125                      0                      0        122.30224609375           0.0400390625        923893.75976562        11801.884277344
                      0                      5                   2048                   1000    0.00087300184325034    7.8162153345218e-06    4.7892710441921e-05                      0    0.00015011020215372    0.00062720537748095    4.7219399306186e-06    3.6124135309734e-06    1.3256612315438e-05    1.1435765644663e-05    7.5443065394865e-07    3.1854765616401e-06    3.7031249178199e-09    1.6931034974021e-06    3.0682580920427e-08    3.1998089511376e-08     3.574755158553e-08                      0   -1.3757026495753e-06   -4.4724652594752e-06    4.6442376167022e-08     3.019584315922e-08    3.5947242515988e-08    1.6235851774127e-08    3.0005878670636e-08      2.45117703912e-10    1.4647838497694e-11    6.7226567423972e-08                      0                      0                      0    3.9250600805119e-06    0.00011508233884605    1.5873798364652e-05     8.901419285845e-05    1.3324941203763e-06    3.1085196281921e-05    0.00033166606687551    9.8415312148603e-06                      0                      0                      0    1.8856625985109e-06    5.1606316420205e-05    8.8766362429382e-06    3.8466816392635e-05    2.5930614278025e-07    9.0043950269347e-06     2.904568407569e-05    2.9627744169147e-06          976.556640625           23.443359375                      0         11.23583984375                      0            0.681640625           0.2353515625                      0                      0          0.02490234375          0.00634765625                      0                      0        111.28076171875           0.0283203125        946178.74707031         7382.138671875
                      0                    5.5                   2048                   1000    0.00083735065233359    7.7473076132151e-06    4.5721124997122e-05                      0    0.00014722736817507     0.0005953798588525    4.7531811731005e-06    3.6114999852899e-06    1.4559108405088e-05    1.2415498066076e-05    6.6714697233294e-07    2.3779746092245e-06    2.9648443700125e-09    1.7062973665105e-06    2.9944812851568e-08    3.0549295537696e-08    3.3460955783937e-08                      0   -1.4259569987018e-06    -4.472673867717e-06    4.5692854833135e-08    2.9861824124566e-08    3.6490654942156e-08    1.6531274127374e-08    2.9628924202996e-08     2.050777325735e-10     1.513633662853e-11     6.762302007246e-08                      0                      0                      0     4.527350590422e-06    0.00011530718996511    1.5637374008115e-05    9.0429743231368e-05    1.6254018273543e-06    3.3455262212101e-05    0.00029269352000671    9.7633012678955e-06                      0                      0                      0    1.9020380612744e-06    5.1442472163821e-05    8.5673037055756e-06    3.9181465312232e-05    2.7094043808518e-07    9.1918398323898e-06    2.3089123543762e-05    3.0570024360799e-06         977.3935546875          22.6064453125                      0           10.810546875                      0           0.8271484375                0.28125                      0                      0          0.02587890625          0.00634765625                      0                      0        109.75830078125             0.01953125        926347.55273438        10119.476074219
                      0                      6                   2048                   1000     0.0010096730151306    8.0560629767135e-06    4.8783944796682e-05                      0    0.00016938666062938    0.00073516233836468    4.8217485471014e-06    3.5870390444614e-06    1.3201498543225e-05    1.9737014156362e-05     6.586235388184e-07    3.3438603512792e-06    2.7148443493274e-09    1.6598403229651e-06    3.0251475990895e-08    3.0689919050531e-08    3.2846641850881e-08                      0   -1.7332568420514e-06   -4.3956474815587e-06    4.5201666409866e-08    2.9864768436028e-08     3.845846574535e-08    1.6550762538259e-08    3.4378905944266e-08    2.9834001935569e-10    9.7655217246029e-12    8.5307116037825e-08                      0                      0                      0    3.7975410327462e-06    0.00011599315525057    1.6212751479117e-05    9.8567020508256e-05    1.4514213768635e-06    3.3154345693731e-05    0.00039694887890374    9.7297016719011e-06                      0                      0                      0     1.788872548758e-06    5.2044036120691e-05     9.359268059228e-06    4.5352587391356e-05     3.070610032907e-07    1.0636495604288e-05    2.1726879883666e-05    3.6900869044842e-06        976.12255859375         23.87744140625                      0          11.3349609375                      0           0.7939453125             0.26171875                      0                      0          0.01611328125           0.0029296875                      0                      0           117.56640625            0.017578125        911001.75976562         10949.66796875
                      0                    6.5                   2048                   1000    0.00085039132325537    7.5226616216284e-06    4.6167805185071e-05                      0    0.00015020384666187      0.000605849637207    4.4356630883868e-06    4.5898042184689e-06    1.2465320309296e-05    1.2453103506616e-05    6.6926028718939e-07    3.0547666005631e-06    3.0917970406108e-09    1.6805322129443e-06    3.0394516237209e-08    3.0897927771889e-08    3.4403275783745e-08                      0   -1.3177543909393e-06   -4.2187539177618e-06    4.6044406509793e-08    3.0682141272109e-08    3.6177235429591e-08    1.6264188218429e-08    2.9944852819597e-08    2.9834001935569e-10    1.4647838497694e-11      6.74682478774e-08                      0                      0                      0    4.0146093924776e-06    0.00011481981393935    1.5465245595259e-05    9.0296778838983e-05    1.5002783166906e-06    3.6178515582463e-05    0.00029942591506771    9.2645771347932e-06                      0                      0                      0    1.8663417522546e-06    5.1318971188152e-05    8.2809789940796e-06    3.9201920897902e-05    2.6564989941136e-07    1.1102862785606e-05    2.4167357420168e-05    2.8375234215616e-06        976.79248046875         23.20751953125                      0          11.0654296875                      0           0.7373046875          0.25634765625                      0                      0          0.02197265625           0.0048828125                      0                      0         114.8837890625            0.021484375        913440.17724609        12025.806152344
                      0                      7                   2048                   1000    0.00078331565819845    7.2753862454533e-06    5.1430945320341e-05                      0    0.00014449943898498     0.0005397855561613    4.7817959023533e-06    3.5890327465538e-06    1.4779124504649e-05    1.1432670413924e-05    6.6829101452726e-07    2.3948178711208e-06    3.2583011844167e-09    1.4919228830124e-06     3.027292017066e-08    3.0199228007177e-08    3.3229968998683e-08                      0   -1.3797318736408e-06   -4.4125229381464e-06    4.4957536360357e-08    2.9802720291627e-08    3.4380356339625e-08    1.6089830801036e-08    2.9441899584981e-08    2.4462920578117e-10    1.4648726676114e-11    6.2629904817868e-08                      0                      0                      0    3.7531167169647e-06    0.00011389457518263    1.5014196280916e-05    9.0441089366067e-05    1.4828530057187e-06    3.7870059098388e-05    0.00023791185935451    9.6290766462559e-06                      0                      0                      0    1.6789370000936e-06     5.161263914566e-05    8.3329887852202e-06    3.9312887208709e-05    2.8929393192101e-07    1.2045375490821e-05     2.022348584152e-05    2.9576371893825e-06        972.23779296875         27.76220703125                      0         12.96630859375                      0           0.8427734375            0.279296875                      0                      0          0.02880859375          0.00634765625                      0                      0        134.48388671875                0.03125        918481.81054688        10057.026855469
                      0                    7.5                   2048                   1000    0.00086722301707542    7.7131709179667e-06    5.1320646459629e-05                      0    0.00014954160692948    0.00062082282373765    4.6165419522737e-06    3.6953408217855e-06    1.2991119133332e-05    1.0746253439109e-05     7.275790698813e-07    2.1036064445923e-06    3.3706060165173e-09    1.7156723801648e-06    3.0427723451965e-08    3.1077660445078e-08    3.3466802662474e-08                      0    -1.257953159417e-06   -4.3904917061965e-06    4.6062000436109e-08    3.0276343210289e-08     3.517921420837e-08    1.5540536857372e-08    2.9830543368803e-08    8.3006490569915e-11    1.4648726676114e-11    6.5554647932231e-08                      0                      0                      0    3.5550014843011e-06    0.00011554308836459    1.5337750004285e-05    8.9798104475847e-05    1.5618901327841e-06    3.4994805166555e-05    0.00031769997069642    9.6087920109511e-06                      0                      0                      0    1.7984824358663e-06    5.1427821794015e-05    8.5464502062038e-06    3.8544777355654e-05    2.8863574019766e-07    9.4552358227418e-06    2.8256298826079e-05    2.7187236595339e-06        974.32373046875         25.67626953125                      0         12.32275390625                      0          0.48095703125           0.1826171875                      0                      0              0.0234375          0.00537109375                      0                      0        126.20556640625                0.03125        907943.99462891         13187.45703125
                      0                      8                   2048                   1000    0.00091942576464277    7.8531279488203e-06    4.9672325197037e-05                      0    0.00015411064942139     0.0006691603525022    4.8266811782938e-06    3.7521719020717e-06    1.3149600576412e-05    1.1292292965592e-05    6.5636717483386e-07    2.0968212890438e-06    2.9990232519594e-09    1.6058066361069e-06    3.0431175801482e-08    3.1395973820736e-08    3.4248071045795e-08                      0   -1.3201030339971e-06   -4.4116577520015e-06    5.7199687653053e-08    3.0627450797738e-08    3.5561037670107e-08    1.5974122469231e-08    2.9830543368803e-08    1.7138646057901e-10    1.4647838497694e-11    6.5914064428796e-08                      0                      0                      0    4.1521401010769e-06    0.00011649671875347    1.5682792993132e-05    9.1840183110037e-05    1.6400092421875e-06    3.3812798317712e-05    0.00036370575540978     9.656763198862e-06                      0                      0                      0     1.708869605821e-06    5.1730975593856e-05    8.6307685513987e-06    3.8843607919503e-05     3.207451237941e-07    7.8382231372132e-06    3.3542688001376e-05    2.8466738388744e-06        975.45166015625         24.54833984375                      0         11.56005859375                      0          0.29833984375          0.10107421875                      0                      0          0.01513671875             0.00390625                      0                      0             124.734375           0.0185546875        889992.17675781        16612.116699219
                      0                    8.5                   2048                   1000    0.00078147566700171    7.3305429575399e-06    4.5889448759162e-05                      0    0.00013717079393949    0.00055445171047719    4.4753505958894e-06    3.5192099447912e-06    1.2555412602033e-05    1.0281757328201e-05    6.9012938563873e-07    2.3092192389385e-06    3.0668942940792e-09    1.6570097418622e-06    3.0102067505311e-08    3.0609858647779e-08    3.2797855098465e-08                      0   -1.2887919664806e-06    -4.044001932435e-06    4.5078632382456e-08     2.999076897936e-08    3.3904805185614e-08    1.5492694238617e-08    2.9676292534475e-08    2.4462920578117e-10    1.4647838497694e-11    6.4728997273278e-08                      0                      0                      0    3.6016787392512e-06    0.00011400108886139    1.4850958994117e-05    8.9722843739537e-05    1.5350571205275e-06     3.851848925418e-05    0.00024947937206043    8.8473085959606e-06                      0                      0                      0    1.9849775476644e-06    5.0723419453114e-05    8.2395678715486e-06    3.7988570318781e-05    3.2935791072219e-07    8.9168842984932e-06     1.759591942907e-05    2.7877787935893e-06        976.89794921875         23.10205078125                      0           10.787109375                      0            0.748046875             0.24609375                      0                      0          0.02685546875          0.00732421875                      0                      0        113.65869140625           0.0283203125        879686.93505859        17816.228027344
                      0                      9                   2048                   1000    0.00084169491696962    8.0988881698829e-06    4.4767800772227e-05                      0    0.00014408362648233    0.00060631582519299    4.4640815568542e-06    3.6801684668575e-06    1.2009028330873e-05    1.1324742672514e-05    6.8794384944226e-07    3.4822207037877e-06    3.5908209738977e-09     1.535345674597e-06    3.0459453626008e-08    3.1428211144657e-08    3.3692895584636e-08                      0   -1.2424448092574e-06   -4.2715601109578e-06    4.5566857842516e-08    2.9950697921777e-08    3.4688001804284e-08     1.581347763846e-08    2.9495621944875e-08    2.8857449763109e-10    1.4647838497694e-11     6.454147971624e-08                      0                      0                      0    3.6145248749619e-06    0.00011574285203686    1.5293684559659e-05    8.9645623059909e-05    1.6485927645249e-06    3.8097983407148e-05      0.000298845225573     9.345426261298e-06                      0                      0                      0    1.7284579891808e-06    5.1328076173363e-05    8.4870317333952e-06    3.8378415053941e-05    3.3816699662736e-07    8.6492167916674e-06    2.3692288080746e-05    2.6837841913263e-06         978.5341796875          21.4658203125                      0          9.96337890625                      0               0.640625                0.21875                      0                      0           0.0244140625          0.00634765625                      0                      0        110.94287109375           0.0244140625        888283.56152344        20723.808105469
                      0                    9.5                   2048                   1000    0.00089010593409622    7.6032895375278e-06    5.1893197785091e-05                      0    0.00014710397216344    0.00064511493602204    4.7492387782455e-06    3.5734023358103e-06     1.319719970283e-05    1.1051075202495e-05    6.9543065261968e-07     2.295851073697e-06    3.0820315188862e-09     1.554211945809e-06    3.0614754287228e-08       3.0987801658e-08    3.3990716907795e-08                      0   -1.2366176651568e-06    -4.258800767154e-06    4.5855938601846e-08    3.0033701747811e-08    3.5404312370702e-08    1.5696270061483e-08    3.6723633911606e-08    2.3974600082965e-10    1.4648726676114e-11     6.442427924469e-08                      0                      0                      0    4.0165610286635e-06    0.00011567589157302      1.57829033407e-05    9.0581940475509e-05    1.5298471955916e-06    3.6888712412697e-05    0.00033766338282426    9.3091044872651e-06                      0                      0                      0    1.7580830053987e-06    5.0431755369118e-05    8.3971655273629e-06    3.8586759287362e-05     3.510952115704e-07    8.3004936479725e-06    2.7822340340045e-05    2.6873793848026e-06        973.26416015625         26.73583984375                      0           12.720703125                      0          0.52685546875            0.197265625                      0                      0          0.02685546875           0.0048828125                      0                      0        134.19189453125            0.033203125         898785.3671875        18950.672363281
                      0                     10                   2048                   1000    0.00084316951271379    7.4175913411523e-06    5.3220448256397e-05                      0    0.00014395627830055    0.00059948172996283    4.6526889656562e-06    3.5503212982846e-06     1.413210204948e-05    1.1226120589569e-05    6.8678513454046e-07    2.0753349607716e-06    2.7348630027291e-09    1.5794755956478e-06    2.9925771194428e-08    3.7838857380734e-08    3.3382847597352e-08                      0   -1.2782944525114e-06   -4.2499277697061e-06    5.0711429722128e-08    2.9988791894198e-08    3.5966309930302e-08     1.621826406506e-08    2.9743155494089e-08    1.3671819232286e-10    1.4647838497694e-11    6.3976524522502e-08                      0                      0                      0    3.7126738741122e-06     0.0001150281586817    1.5515261705623e-05    8.9584951624033e-05    1.5031215889749e-06    3.7203830071775e-05    0.00029411162694437    9.3127871139131e-06                      0                      0                      0    1.7275708126263e-06    5.1009614258746e-05    8.3896801719163e-06    3.8354970214094e-05    3.3423388234866e-07    8.8595449181383e-06    2.3928751468283e-05    2.7547207075429e-06         971.7763671875          28.2236328125                      0             13.3359375                      0          1.16064453125          0.38427734375                      0                      0           0.0341796875          0.00830078125                      0                      0        138.62646484375             0.03515625        901310.41308594        16540.477050781
                      0                   10.5                   2048                   1000    0.00082980685498857    7.7009511594284e-06    5.4667105976236e-05                      0    0.00014450072118954    0.00058293599755377    4.7936625993117e-06    3.5731796916849e-06    1.4686056641899e-05    1.1221958985175e-05    6.5780322699993e-07    2.1956855471572e-06     2.714843461149e-09    1.6744682564962e-06    3.0361323233308e-08    3.1004899092579e-08    3.4380838620507e-08                      0   -1.2989204067893e-06   -4.2999834262147e-06    4.5521972857898e-08    3.0055150368469e-08     3.731103337401e-08    1.6015142989545e-08    2.9698719927751e-08    2.2509638597512e-10    1.4648726676114e-11    6.4088855999955e-08                      0                      0                      0    3.8207675467916e-06    0.00011779706739645    1.5960094231104e-05     9.398453418541e-05    1.5101885066926e-06    3.8175542484531e-05    0.00026903574068982    9.3980927458048e-06                      0                      0                      0    1.7261264675383e-06    5.1573213858624e-05    8.4676450260446e-06    3.9006780279571e-05    3.3621924533378e-07    9.8146201423788e-06    2.2093184544936e-05    2.8015014716942e-06        970.35205078125         29.64794921875                      0           13.712890625                      0          1.13134765625             0.37109375                      0                      0          0.03564453125          0.00732421875                      0                      0        141.91650390625             0.03515625        914538.38867188        14726.326660156
                      0                     11                   2048                   1000    0.00090032010400254    7.6685029126722e-06    4.9662914553217e-05                      0    0.00015200457276965    0.00065166113376858    4.7020073514759e-06    3.5970927436679e-06    1.3385705576852e-05    1.1024720693698e-05    7.1719674910042e-07    3.0898188478901e-06    3.3608396066143e-09    1.6360190162601e-06    3.0339342593777e-08    3.1138169376277e-08    3.4169425511266e-08                      0   -1.3236772016256e-06   -4.2599287608525e-06    4.5294937578433e-08    2.9954573044222e-08     3.766746825562e-08    1.5933602881546e-08    2.9791473288299e-08    2.8857360945267e-10    1.4647838497694e-11    6.2423301194769e-08                      0                      0                      0    3.5481831011097e-06    0.00011557846629096     1.566478662518e-05    9.0106063991513e-05     1.460274410725e-06    3.2731332014535e-05    0.00034914625587668    9.3474540898697e-06                      0                      0                      0    1.7578407991437e-06    5.1341116210857e-05    8.5517265464574e-06    3.8144850595501e-05    2.7092774868009e-07    8.5690659092919e-06    3.1410781254237e-05    2.8491074139936e-06         974.8466796875          25.1533203125                      0          11.5654296875                      0           0.5166015625           0.1865234375                      0                      0           0.0244140625            0.005859375                      0                      0         125.4599609375            0.021484375        946198.31298828        9136.9145507812
                      0                   11.5                   2048                   1000    0.00090477329489858    7.8885556602515e-06    5.0283217790437e-05                      0    0.00015587325490074    0.00065168791694159    4.8625532249602e-06    3.7792050591179e-06    1.3397194343234e-05    1.1051463849832e-05    6.9008448821961e-07    2.1841835931014e-06    2.8081057479312e-09    1.6030263481071e-06    3.0169909237543e-08    3.1166967673357e-08    3.3030777224496e-08                      0   -1.3942920142895e-06   -4.5408545439329e-06    4.6415031818015e-08    3.0205593581911e-08    3.8364232679555e-08    1.5708503831036e-08    2.9502420950678e-08    1.0742251532747e-10    1.4648726676114e-11    6.3706029784782e-08                      0                      0                      0     3.667958484499e-06    0.00011487669093579    1.5720860361057e-05    8.9849234831796e-05    1.1615810509014e-06    2.9281302739825e-05    0.00035303380272733    9.9397973514215e-06                      0                      0                      0    1.8282509719469e-06    5.0991603992578e-05    8.6198344755317e-06    3.8718817878092e-05    1.8361717835091e-07    9.0507343681878e-06    3.4524170913208e-05    2.9966054979624e-06        975.08740234375         24.91259765625                      0         11.59521484375                      0           0.7451171875          0.24853515625                      0                      0               0.015625          0.00341796875                      0                      0        129.40283203125             0.01953125        968454.40673828        6260.1000976562
                      0                     12                   2048                   1000    0.00090526778027566    7.5314497216539e-06    5.0818553215315e-05                      0    0.00015503825583352    0.00065213998193059     4.769072273092e-06    3.5994404230522e-06    1.4371418948222e-05    1.1084384291316e-05    6.7458493724359e-07    2.4380566410187e-06    2.8124995665735e-09    1.5287114338847e-06    3.0169436726624e-08     3.096384215695e-08    3.3567363999509e-08                      0    -1.339420911961e-06   -4.4899452822378e-06    4.6231430239629e-08    2.9971681136942e-08    3.7349627390881e-08    1.6217761356074e-08    2.9503450349466e-08    1.9042900589739e-10    1.4648726676114e-11    6.5547821392897e-08                      0                      0                      0    3.8288725567881e-06    0.00011380255910076    1.5531518521072e-05    8.9852802720003e-05    1.1916933706502e-06    3.4129298821739e-05    0.00035029473095971    9.8426582004763e-06                      0                      0                      0     1.644545891466e-06     5.082688770397e-05    8.3270297865923e-06    3.7949622545774e-05    1.8611181307193e-07    1.0888874988346e-05    3.3318725113141e-05    2.8812153285429e-06        974.70458984375         25.29541015625                      0          11.7470703125                      0          0.31103515625            0.115234375                      0                      0              0.0078125            0.001953125                      0                      0              131.84375              0.0078125        968647.31347656         5882.841796875
                      0                   12.5                   2048                   1000    0.00089595258985486    8.0758598501873e-06    4.3408248570742e-05                      0    0.00015716932714849    0.00064879550980201    4.6649907163854e-06    3.6751640539734e-06    1.1839319325802e-05     1.120468067306e-05     7.252915033007e-07    3.5023051765393e-06    4.4321293302119e-09    1.5871679828194e-06    3.0319834642967e-08    3.1435084757447e-08    3.3001462895754e-08                      0   -1.3659760833562e-06   -4.7206957791701e-06    4.6070804060605e-08    3.0354517122078e-08     4.014061527613e-08    1.6021983739734e-08    2.9543947732691e-08    2.2021495738045e-10    1.9531043449206e-11    6.3902829694484e-08                      0                      0                      0    3.6525937820997e-06    0.00011756252833095    1.6316282701823e-05    9.1609438944928e-05    1.2894799965579e-06    3.6325633813838e-05    0.00033745345702307    1.0289046398881e-05                      0                      0                      0    1.7829433458516e-06    5.2585978527198e-05    8.7112880899909e-06    3.9677757318834e-05    2.2632079410556e-07    1.1424935058457e-05    3.0612339832814e-05    2.9409311617101e-06        980.29052734375         19.70947265625                      0              9.3828125                      0           0.2744140625           0.1025390625                      0                      0          0.00732421875          0.00146484375                      0                      0             97.4921875            0.005859375        969065.13818359        6673.6181640625
                      0                     13                   2048                   1000    0.00087918382375385     7.437911628827e-06    4.5335264651669e-05                      0    0.00015401926366643    0.00063538653856998    4.4765771294308e-06      3.65465381158e-06    1.2203375971964e-05    1.0220469220279e-05    6.7599221154069e-07    2.9802705077131e-06    2.8471678348296e-09    1.6358373828851e-06    3.0244152071646e-08    3.0916496029931e-08    3.9161596632198e-08                      0   -1.2889677662997e-06   -4.2479086612701e-06    4.5206054899438e-08    3.0020507857387e-08    3.6623533539171e-08    1.6134277025515e-08    2.9842246895839e-08    1.4746071030913e-10    1.4648726676114e-11    6.2668973122015e-08                      0                      0                      0    3.7596738575729e-06    0.00011562327733738     1.521135743765e-05    9.0149879865997e-05    1.3020082656467e-06    3.5009545880094e-05    0.00033090974561212    9.3322563250453e-06                      0                      0                      0     1.661513189255e-06    5.1558157704967e-05    8.5401479408276e-06    3.8504080094093e-05    2.1598391697353e-07    1.1477688966366e-05    3.0068512683279e-05    2.8250126922202e-06         978.2548828125          21.7451171875                      0         10.35009765625                      0          0.56591796875            0.201171875                      0                      0            0.013671875           0.0029296875                      0                      0          106.619140625               0.015625        971568.50341797        7040.4331054688
                      0                   13.5                   2048                   1000    0.00088080834080184    7.9797748906429e-06     4.877356250077e-05                      0    0.00015615263673041    0.00062824076367818    4.7290615663442e-06    3.8416157339682e-06    1.3514139166837e-05    1.1277298336054e-05    6.7486134902595e-07    2.6233525396435e-06    2.7539064362259e-09    1.7242051040256e-06    3.0477059986822e-08    3.1477539685909e-08    3.3668476895343e-08                      0   -1.3879648737003e-06   -4.5934971124595e-06    4.6423837218867e-08    3.0403842110616e-08    4.8455105705614e-08    1.5802743114079e-08    2.9615721430787e-08    2.0556623070433e-10    1.4648726676114e-11    6.4342813743679e-08                      0                      0                      0    3.7392192346886e-06    0.00011839554539517    1.6075867210752e-05    9.2865002460307e-05    1.3439511850066e-06    3.5636357893942e-05    0.00031606151219421    1.0045852103069e-05                      0                      0                      0    1.6840185246281e-06    5.2671371591373e-05    8.7447236305493e-06    3.9434574717667e-05    2.2152344136828e-07    1.2066027844426e-05    2.9061405288466e-05    2.9882495429234e-06         977.1240234375          22.8759765625                      0         10.83935546875                      0          0.72412109375           0.2412109375                      0                      0           0.0322265625          0.00927734375                      0                      0           115.72265625           0.0341796875        971907.26757812        5742.4116210938
                      0                     14                   2048                   1000    0.00085792341895008    7.6561484307902e-06    5.3230978493524e-05                      0    0.00015215156689496    0.00060485850634606     4.741554177734e-06     3.634795448626e-06    1.4147069297366e-05    1.0807939441193e-05    7.4189206422659e-07    3.1989785149733e-06    3.1992186677599e-09    1.5664462935661e-06    3.0448739529731e-08    3.0986797128207e-08    3.4009258520484e-08                      0   -1.3463911026079e-06   -4.3532055586937e-06    4.5739263931921e-08    2.9833499226584e-08    3.7060537749767e-08    1.5853506951657e-08    2.9790052202827e-08    2.2509816233196e-10    1.4648726676114e-11    6.2081565666006e-08                      0                      0                      0    3.4160146755724e-06    0.00011619892284109     1.562975831515e-05    9.2790935551257e-05    1.2662246344775e-06    3.5050890154764e-05    0.00029731454688164    9.5313921075757e-06                      0                      0                      0    1.8679462927551e-06    5.2101785660064e-05      8.38420020699e-06    3.9227209469139e-05    2.0350242557754e-07    1.1962705553259e-05      2.66722348643e-05     2.892198234683e-06        973.22900390625         26.77099609375                      0            12.51953125                      0          0.31787109375          0.10302734375                      0                      0          0.01708984375          0.00537109375                      0                      0        139.04248046875          0.02490234375        966359.15185547           5625.1171875
                      0                   14.5                   2048                   1000    0.00091025123487665    7.6215527284873e-06    4.6440922840674e-05                      0     0.0001565814800033    0.00065966612890644    4.7040459056902e-06    3.7769062615212e-06    1.4362160167813e-05    1.0894605961376e-05     6.725854522216e-07    2.2984638672341e-06    3.8110350430998e-09    1.7361274444738e-06     3.037840201614e-08    3.0546375207052e-08    3.2936055660571e-08                      0   -1.2286235051562e-06   -4.3267670575275e-06    4.5501972856243e-08    3.0389656124896e-08    3.6978042849967e-08    1.6399916979992e-08    2.9629401154807e-08    2.2021406920203e-10    1.4648726676114e-11    7.6653344116551e-08                      0                      0                      0    3.8566977540455e-06    0.00011760745557687    1.5632022487999e-05    9.2303471209476e-05    1.3886806549124e-06    2.9303142111026e-05    0.00035600378317291     9.476397952568e-06                      0                      0                      0    1.7763247042168e-06    5.1774083000389e-05    8.6869628823649e-06    3.9813796383292e-05    1.4469090725555e-07     9.242290045286e-06    3.3260137209723e-05    2.7420332022743e-06        977.87841796875         22.12158203125                      0         10.14697265625                      0           0.5595703125          0.18994140625                      0                      0            0.017578125           0.0048828125                      0                      0        110.69287109375           0.0087890625        967036.56640625             5821.28125
                      0                     15                   2048                   1000    0.00086752709375482    7.6005722364769e-06    4.9099999525737e-05                      0     0.0001509103271351     0.0006190144213738     4.574350122688e-06     3.662984876307e-06    1.5597303220538e-05    1.1060603525515e-05    6.6146973232151e-07    2.3865058595973e-06    1.0610840206482e-08    1.6515439611453e-06    2.9912568422219e-08    3.0463384703694e-08     3.274951776433e-08                      0   -1.3292842400148e-06   -4.4458237393741e-06    4.5200703624459e-08     3.022020145238e-08     3.761568834193e-08    1.5897943406173e-08    2.9432128734186e-08    2.4951063437584e-10    2.4414248400717e-11    6.2511693599276e-08                      0                      0                      0    3.5681083936367e-06    0.00011527549122459    1.5303744643091e-05    9.2190151852023e-05    1.3310756719065e-06    2.8406663608038e-05    0.00031965347361673    9.7329326314011e-06                      0                      0                      0    1.6986645636763e-06    5.1603103014664e-05    8.4717665940204e-06    3.8448913580957e-05    1.6771387834069e-07    9.1835961892883e-06    2.9383414561046e-05     2.859104517583e-06        975.38720703125         24.61279296875                      0         11.34716796875                      0          0.41943359375           0.1474609375                      0                      0            0.017578125          0.00537109375                      0                      0          120.638671875           0.0146484375          967412.234375        5204.3823242188
                      0                   15.5                   2048                   1000    0.00081023670845681    7.8239535943325e-06    4.6375562970269e-05                      0    0.00014654926755675    0.00057113576905365    4.5543017499483e-06     3.603395994034e-06    1.3233207051044e-05    1.1010191416361e-05      6.98737802729e-07    2.4685200195051e-06    3.3461908799381e-09    1.5753906481564e-06     2.997119885606e-08    3.1066410777214e-08     3.349363630889e-08                      0   -1.3847471009854e-06   -4.3485288676592e-06    4.5588848252009e-08    3.0014169816184e-08    3.7742186265177e-08    1.5914534579053e-08     2.979391755531e-08    2.7880897590649e-10    1.4648726676114e-11     6.386082596066e-08                      0                      0                      0    3.7251821467521e-06    0.00011755438475447    1.5774355950349e-05    9.2003935083795e-05    1.2418203310105e-06    2.8027495603489e-05    0.00026967665624777    9.5076020993901e-06                      0                      0                      0     1.873851060985e-06    5.1745400376113e-05    8.6835224717419e-06      3.91530801096e-05    1.9995751454616e-07    9.0755737378601e-06    2.3983999999366e-05     2.973478016699e-06        979.29248046875         20.70751953125                      0           9.5654296875                      0          0.14208984375          0.05419921875                      0                      0          0.00830078125            0.001953125                      0                      0        108.55908203125           0.0107421875        960315.73339844        7481.5244140625
                      0                     16                   2048                   1000    0.00084448404445681     7.590563949833e-06    4.9584138177572e-05                      0    0.00014964996239364    0.00059608717918991    4.7220742018794e-06    5.3480336754674e-06    1.4785401847739e-05    1.1095420407337e-05    7.4386134585325e-07    2.0403369145328e-06    2.7397453195022e-09     1.604687954071e-06    3.0569323072882e-08    3.0970185527224e-08    3.4270533966207e-08                      0   -1.2641298940963e-06   -4.4857158636447e-06    4.6129375874671e-08    3.0369620596105e-08    5.7673845255124e-08    1.6051743934042e-08    2.9990729899509e-08    7.8124173796823e-11    1.4648726676114e-11    6.3641617309429e-08                      0                      0                      0    4.1359238194261e-06    0.00011853352199509    1.5872773951209e-05    9.3724653301486e-05    1.2882895621402e-06    2.7315627429303e-05    0.00029158989160649    9.7939536383151e-06                      0                      0                      0    1.7257719528985e-06    5.2370391125933e-05    8.8826845736634e-06     3.996145653673e-05    2.0272558032275e-07    8.5765210027233e-06    2.5934773922209e-05    2.7352456122287e-06        975.27392578125         24.72607421875                      0         11.31103515625                      0            0.162109375            0.060546875                      0                      0             0.00390625          0.00146484375                      0                      0         125.7158203125           0.0009765625        955984.68701172        8184.8032226562
                      0                   16.5                   2048                   1000    0.00097635609474978    9.4482548806951e-06    5.3575980473397e-05                      0    0.00017042867383577    0.00069580573246508    5.8771528541612e-06    4.2972260869689e-06    1.5720147997556e-05     1.350172314929e-05    7.3709958581247e-07    3.5122460930737e-06    3.2875977495905e-09     1.865622587971e-06    3.1407242140347e-08    3.2089373824817e-08    3.6243172019113e-08                      0   -1.4868739990348e-06   -6.8563461725901e-06    4.8019517251419e-08     3.119580949118e-08    4.6376489315492e-08    2.8142083330351e-08    2.9882798457948e-08    2.7880897590649e-10    1.4648726676114e-11    6.9132822133611e-08                      0                      0                      0    1.1985842792939e-05     0.0001326117133349    1.7870201683756e-05    0.00010402426806611    1.5626040177352e-06    2.9097748509344e-05    0.00035833690480747     1.475995706457e-05                      0                      0                      0    1.9001796722762e-06    5.7205884278488e-05    1.0043641100133e-05    4.3679324227774e-05     2.696264740365e-07     9.497575686801e-06    3.5074467779062e-05    3.2254658011155e-06        976.44970703125         23.55029296875                      0         10.90576171875                      0            0.294921875          0.09912109375                      0                      0           0.0126953125           0.0029296875                      0                      0        119.52001953125            0.013671875             951254.625        8179.3618164062
                      0                     17                   2048                   1000    0.00099488546141391    9.3851665114997e-06    5.0247518580626e-05                      0    0.00017142548681104    0.00071846932813102    5.6069252787339e-06    4.0045654561283e-06    1.5748619664357e-05    1.3381060061768e-05    7.5989065440041e-07    2.4732534180671e-06    2.8666988782788e-09    1.9040366101564e-06     3.107274704206e-08    3.2318837384082e-08     5.600047714438e-08                      0   -1.5025981525696e-06   -5.5578940330037e-06    4.7413119652617e-08    3.1035642500399e-08    4.5653825608838e-08    1.6637222266525e-08    2.9870598439175e-08    2.4462831760275e-10    1.4648726676114e-11    6.9003458058603e-08                      0                      0                      0     5.357618126034e-06    0.00012745916063128    1.8142315461489e-05    0.00010070308106247    1.5818149226021e-06    2.7515611313866e-05    0.00039173301858764    1.2173094244616e-05                      0                      0                      0    1.8709575293485e-06      5.65388847793e-05    1.0129047380403e-05    4.1867547363239e-05    2.8958446574023e-07     8.444088876125e-06    3.9357564938669e-05    3.2514174694853e-06        977.90478515625         22.09521484375                      0           10.142578125                      0           0.6845703125          0.25537109375                      0                      0          0.01904296875           0.0048828125                      0                      0        109.02783203125          0.03662109375        949353.66650391        7416.2373046875
                      0                   17.5                   2048                   1000    0.00096254993751899    8.9059936456692e-06    4.8656005366965e-05                      0     0.0001539936147541    0.00070926933157711    5.0448906572242e-06    3.8224296883271e-06    1.4042559597804e-05    1.2488662086696e-05    7.3832078939517e-07     2.392222656411e-06    2.9448248284325e-09     1.771359389835e-06    3.0453135124731e-08    3.1351572005178e-08    3.3322247183776e-08                      0   -1.3894287089755e-06   -4.8628515241234e-06    4.6247568441515e-08     3.014647997901e-08     8.746335833365e-08    2.6727525970216e-08    2.9559562797488e-08    3.3300739943343e-10    1.4648726676114e-11    7.8907713252363e-08                      0                      0                      0    3.9039116535022e-06    0.00012254061667871    1.6913619156789e-05    9.6359543483082e-05    1.5651528144645e-06    3.2099535163255e-05    0.00039137974707515    1.0729622540673e-05                      0                      0                      0    1.8907905223742e-06    5.4221904303375e-05    9.4143691216075e-06     4.078898436255e-05    3.6239991185738e-07    8.0930302752691e-06    2.7280952141773e-05    3.0009624083505e-06           976.58203125            23.41796875                      0          10.6884765625                      0            0.330078125          0.11669921875                      0                      0            0.013671875          0.00341796875                      0                      0            114.7890625             0.01171875        925319.29638672        8895.0673828125
                      0                     18                   2048                   1000     0.0010488217436517    1.0015160645693e-05    5.2909459958173e-05                      0    0.00017304163281562    0.00076616045406652    6.0609130825284e-06    4.0652128943108e-06     1.503735742503e-05    1.4218218249873e-05     8.042631725047e-07    3.0792426759518e-06    3.8452148132251e-09     1.926598618418e-06    3.1578574422042e-08    3.2748546985317e-08    3.6367172384644e-08                      0   -1.5712788146161e-06   -7.3944692848826e-06    4.7304726358277e-08    3.1033687619697e-08    6.8076643877646e-08    1.7162612664379e-08    3.1892596119576e-08    2.2021495738045e-10    1.4648726676114e-11    8.4842303849086e-08                      0                      0                      0    4.4242148433682e-06    0.00014222738089664    1.9604018531183e-05    0.00010385829588788    1.7974252797259e-06    3.4539179187831e-05    0.00041168249514634    1.5917034689394e-05                      0                      0                      0    2.2510942327969e-06    5.9397194343447e-05     1.086830272623e-05    4.5888352049772e-05    4.4713230629156e-07    9.2673379130659e-06    3.2540372047585e-05    3.4050835164834e-06        978.74853515625         21.25146484375                      0           9.7373046875                      0          0.59716796875          0.21142578125                      0                      0          0.02685546875          0.00634765625                      0                      0        113.80419921875           0.0302734375        910788.15087891        11471.557617188
                      0                   18.5                   2048                   1000      0.001026779319341    9.3984135780545e-06    5.5574279820725e-05                      0    0.00015801100391766    0.00075830084667139    5.4742519512985e-06    3.8473593955146e-06    1.6039875515794e-05    1.3577943358989e-05    7.1500976517314e-07    2.2693598635826e-06    2.6171873557246e-09    1.9286557613185e-06    3.1556152357837e-08     3.216752286761e-08    3.4418448535689e-08                      0   -1.5688383392387e-06   -4.9187216752955e-06    4.6115674834368e-08    5.0105466442574e-08     4.117822083316e-08    1.6809092784342e-08    2.9538552048791e-08    1.4160050909595e-10    1.4647838497694e-11    8.1185545397489e-08                      0                      0                      0    3.8292538748763e-06    0.00012231054148781    1.7249750465353e-05    9.6851985874835e-05     1.762569326047e-06    3.8284054698856e-05    0.00043379853710057    1.0918229494727e-05                      0                      0                      0    2.0546591912307e-06    5.5154339336561e-05    9.7249594901427e-06    4.1602793429796e-05    4.2656689380749e-07     9.007535656913e-06    2.8309354018319e-05    3.3640029295512e-06         975.5595703125          24.4404296875                      0         10.70849609375                      0           1.0107421875            0.341796875                      0                      0            0.029296875          0.00732421875                      0                      0         131.6513671875          0.02197265625        894604.19238281        15412.813964844
                      0                     19                   2048                   1000     0.0010527479956099    9.5515932860835e-06    5.8680488260521e-05                      0    0.00015741179541351    0.00078039849706713    5.5015448925388e-06    3.8494877987461e-06    1.6284153813828e-05    1.3408067396803e-05    7.1514064536871e-07    3.4904418937387e-06    3.4199221232711e-09    1.9032983491485e-06    3.0824235608407e-08    3.2251447734666e-08     5.649850454148e-08                      0   -1.3979345494519e-06   -5.0611459716521e-06    4.5886723754052e-08    3.0403779049948e-08    4.3994135445757e-08    1.6917462097865e-08    3.0005881335171e-08    2.9345681440418e-10     1.513633662853e-11    8.3221167734848e-08                      0                      0                      0    4.2320175852595e-06    0.00012517912350152    1.7860002923697e-05     9.778657126791e-05    1.8248706021851e-06    4.2013693862586e-05     0.0004466308066613    1.1178181614113e-05                      0                      0                      0    1.8036215836403e-06    5.5312258327334e-05    9.8209516670167e-06    4.2706012208349e-05    4.5382421376416e-07    9.3018793991817e-06    2.6242154788747e-05    3.0414472442786e-06        973.43505859375         26.56494140625                      0         11.52490234375                      0            0.498046875          0.18408203125                      0                      0           0.0283203125           0.0068359375                      0                      0        144.96044921875           0.0380859375        895478.46191406        12950.875976562
                      0                   19.5                   2048                   1000      0.001016463347618    9.0685664044798e-06    5.1637829593609e-05                      0    0.00016573942772968    0.00074334354052485    6.1022602331207e-06    4.0685136699636e-06    1.6147055171167e-05    1.3544919922559e-05    6.9744822006612e-07    2.8919824215379e-06    3.7084957327238e-09    1.7827216609589e-06    3.8463380036546e-08    3.1400884559218e-08     3.455567387789e-08                      0   -1.6258916000211e-06   -5.2351299393294e-06    4.6090298688739e-08    3.0584497601183e-08    4.2533214283935e-08     1.712012220878e-08    2.9621075370301e-08    3.8183500805644e-10    1.4648726676114e-11    7.3209943884933e-08                      0                      0                      0    4.2007465799188e-06    0.00012439121433427     1.701305223456e-05    9.7968582005947e-05    1.6973271659282e-06    3.1772163562316e-05    0.00042125076172361    1.1497152857309e-05                      0                      0                      0    1.8516596647089e-06    5.4857161620347e-05    9.3034028525452e-06    4.0796667461152e-05    3.9031054210881e-07    8.3174633669358e-06    3.7928463879844e-05     3.486967275812e-06          977.384765625           22.615234375                      0             9.61328125                      0          1.14794921875            0.400390625                      0                      0          0.04052734375          0.00927734375                      0                      0        117.62939453125          0.03466796875        914571.83447266        9908.4311523438
                      0                     20                   2048                   1000    0.00097529014794073    8.4241245090766e-06    5.2077639153048e-05                      0     0.0001642662206871    0.00070808007128242     5.061353988367e-06    4.0215141394739e-06    1.4978755868533e-05     1.248989647884e-05    7.0255127671004e-07    2.1250830082309e-06    2.9545903501571e-09    1.6695561519953e-06    3.0482449453473e-08    3.1324681515343e-08     3.475878074255e-08                      0   -1.3336729001168e-06   -4.6137211775488e-06    4.5917491142689e-08    3.0654278226905e-08    4.0724641436896e-08    1.7758772230536e-08    2.9662072797976e-08    1.0742073897063e-10    1.4648726676114e-11    6.6632815709511e-08                      0                      0                      0    4.0569594315087e-06    0.00012191154446484    1.6762373542534e-05    9.6579554679899e-05    1.6695361333419e-06    2.8509957515688e-05      0.000393787969724    1.0181156731015e-05                      0                      0                      0     2.026625965712e-06    5.5067111327745e-05    8.9796616400406e-06    4.0508555182228e-05    2.8473728264089e-07    8.9816953048327e-06    3.6617186541577e-05     2.889601580236e-06         976.4833984375          23.5166015625                      0         10.13720703125                      0             1.33203125          0.45458984375                      0                      0          0.04638671875          0.01220703125                      0                      0        128.11865234375          0.03369140625        932574.99316406        7631.8803710938
