                my_rank                   Time                N_steps             N_real_loc            Total                  PP_single              PP_cluster             PP_cross               Tree_NB                Tree_Force             Force_corr             Kick                   FindCluster            CreateGroup            MPI_comm               Output                 Status                 Other              Bar_Total              Bar_PP_single          Bar_PP_cluster         Bar_PP_cross           Bar_Tree_NB            Bar_Tree_Force         Bar_Force_corr         Bar_Kick               Bar_FindCluster        Bar_CreateGroup        Bar_MPI_comm           Bar_Output             Bar_Status             Bar_Other                  Sample_ptcl            Domain_deco            Ex_ptcl                SetRootCell            Make_LT                Make_LET               Make_GT                Make_Group             Make_I_list            Calc_force             Write_back             Sample_ptcl            Domain_deco            Ex_ptcl                SetRootCell            Make_LT                Make_LET               Make_GT                Make_Group             Make_I_list            Calc_force             Write_back             PP_single              PP_cluster             PP_cross               Cluster                Cross                  AR_step_sum            AR_tsyn_sum            Stab_Ngroup            Iso_Ngroup             Form_Ngroup            End_Ngroup             Modf_Ngroup            Merg_Ngroup            H4_step_sum            H4_no_NB               Ep-Ep_sum              Ep-Sp_sum  
                      0                    0.5                   2048                   1000      0.002577078727044    6.6773726073777e-05    0.00012599509228739                      0    0.00040138141309232     0.0017283648178656    8.7235730960256e-05      6.02998974637e-05    5.9579914055696e-05    3.1605232905019e-05    2.8038740209624e-06    4.0422070308743e-06    4.2905274888483e-09    7.3402851810123e-06    4.9760260356635e-08     3.937743242588e-08    5.1096186393096e-08                      0   -5.1443471509316e-06     -6.85621933596e-05    5.9886210657112e-08    3.8232918164738e-08    4.8761712001522e-08    2.1341795886087e-08    3.3015141287507e-08     1.372071345429e-10    1.4648282586904e-11    1.0743845768602e-07                      0                      0                      0     2.661085351896e-05     0.0003801204209215    5.2411268079755e-05    0.00027273938279393    3.1704116310038e-06    9.9891410155983e-05    0.00075327633348365    0.00013886181102629                      0                      0                      0    1.4074038573231e-05     0.0001462751660144    2.9550411616341e-05    0.00012067101171942    7.6209277022343e-07    2.8435665047066e-05    4.4573473144904e-05    1.0726080561962e-05          964.759765625           35.240234375                      0          16.8447265625                      0           0.3544921875              0.1328125                      0                      0          0.01318359375             0.00390625                      0                      0         174.4111328125           0.0810546875        892665.28076172        17098.088378906
                      0                      1                   2048                   1000     0.0021667998286161    2.2170311043457e-05    9.9581897953449e-05                      0    0.00032708279980964     0.0015454835078059    5.0977334967506e-05    2.4455131820922e-05    4.6064472180252e-05    3.6115444827622e-05     1.951088867358e-06    4.7515761720796e-06    3.5761718031324e-09    5.4958286086482e-06     3.714208096639e-08    8.3801771300074e-08    4.7538574410311e-08                      0    -5.992660650378e-06   -5.5245847677465e-05      5.55429555682e-08    3.4819323424529e-08    6.0469728779822e-08    2.1805660832541e-08    3.2126958426915e-08    3.1347680007343e-10    1.9531043449206e-11    1.1482080708447e-07                      0                      0                      0    2.5537602064585e-05    0.00034833442869431    4.0537336912561e-05    0.00025707214454229    3.5843784198519e-06    8.9278340809518e-05    0.00068086494336228     0.0001121304941587                      0                      0                      0    9.0376909209766e-06     0.0001249818354383    1.7452178216359e-05    9.0960161136522e-05    6.6240137108764e-07    2.2076288571871e-05    4.6491268551829e-05    1.2363732912135e-05          967.986328125           32.013671875                      0         15.32373046875                      0          0.17041015625          0.06494140625                      0                      0           0.0126953125          0.00341796875                      0                      0        153.43212890625            0.037109375        905498.79052734        14994.346679688
                      0                    1.5                   2048                   1000     0.0032015132075234    4.4982786135517e-05    0.00013051201172098                      0    0.00059452923682546     0.0021463930859529    7.7736096192549e-05    5.8713604495608e-05    7.8999452169715e-05    4.7802676760966e-05    3.4585195387571e-06    4.2722729496347e-06    3.7719729562014e-09    1.1617013201182e-05    1.1321873794046e-07    3.8248040734601e-08    4.9306638771895e-08                      0   -1.2348746079915e-05   -8.0071222635869e-05    5.8723139240158e-08    4.7203611686086e-08      4.92939622454e-08    2.3396481196869e-08    6.1005380747048e-08    1.8115242639283e-10    1.9531043449206e-11    1.4689746175023e-07                      0                      0                      0     4.094385059572e-05    0.00047608003174204    6.3137661133528e-05    0.00035308721875005    3.6494921999974e-06    0.00010271897556491     0.0009593449194627    0.00016255015430255                      0                      0                      0    3.3331113283186e-05     0.0002583560454088    5.4256668939434e-05    0.00014136549658605     7.472817378229e-07    3.9321595211028e-05    6.4729980467693e-05    2.5189197266684e-05        971.50341796875         28.49658203125                      0         13.81396484375                      0            0.279296875           0.1044921875                      0                      0          0.01416015625           0.0029296875                      0                      0         136.4013671875           0.0654296875        899821.70703125        17314.212402344
                      0                      2                   2048                   1000     0.0026306026430762    3.5163145013062e-05    0.00012942771044555                      0    0.00051655982031606     0.0017330423515625    4.0893178220092e-05    2.3578530754076e-05    8.7620157227519e-05    4.2647489750802e-05    2.7129960900041e-06    3.9008422851872e-06    4.5498045331271e-09    1.2485875495294e-05    3.8041007677236e-08    3.9680677854648e-08    5.4416011252556e-08                      0   -9.1922241058917e-06   -4.7905144027194e-05    6.7060542008335e-08    4.9643540833699e-08    5.2860836596835e-08    2.4521478181327e-08    5.0440422061371e-08    1.9580070897973e-10    1.9531487538416e-11     1.275825134428e-07                      0                      0                      0    2.3517949223173e-05    0.00038525850440463    6.0022267570847e-05    0.00032293333154509    5.5968652428184e-06     8.799896633116e-05    0.00073565176219637    9.7857945806634e-05                      0                      0                      0    1.2912738769355e-05    0.00014332797120353    2.7344525387551e-05    0.00021484625439028    9.0101074334825e-07    3.5791449712441e-05    6.0292003416951e-05    1.9040458000941e-05          967.830078125           32.169921875                      0         15.48583984375                      0          0.27880859375          0.08154296875                      0                      0          0.00634765625            0.001953125                      0                      0        159.06201171875          0.05712890625        889624.00634766        19059.604492188
                      0                    2.5                   2048                   1000     0.0039194082104603    7.4085755370934e-05    0.00012294755177011                      0    0.00069733297070229      0.002559584958485    0.00014976870262018    7.1862495111485e-05     0.0001515608749898    6.0354321288703e-05     6.408428704141e-06    4.9787011717761e-06    4.1484371493539e-09    1.7966863752328e-05    3.8456048123692e-08    4.1019047269941e-08    6.3319828047526e-08                      0   -2.0689311050592e-05   -0.00014126160450312    6.8229013105991e-08    4.0782220267488e-08    5.4458507925403e-08    2.4834960310471e-08    3.2861325660605e-08    1.9580070897973e-10    1.9531043449206e-11    1.2273584237832e-07                      0                      0                      0     0.0001026856455022    0.00088771579542346    8.3385359857413e-05    0.00044972989892722    4.6526708925576e-06    0.00011233424802759    0.00075705902099799    0.00028466035448327                      0                      0                      0    2.0120853022387e-05    0.00032956302928921    3.5475583479272e-05    0.00018980266893731     8.458725599958e-07     2.308814648444e-05    7.2243880362421e-05    4.1863916997897e-05        973.24560546875         26.75439453125                      0         12.77099609375                      0          0.31494140625          0.11376953125                      0                      0          0.01318359375          0.00244140625                      0                      0         132.9677734375          0.09423828125        894622.12451172        18975.231445312
                      0                      3                   2048                   1000     0.0025434430571165    5.2480851081782e-05    0.00010494138183414                      0    0.00048292916845805     0.0016397547724623    7.4582250005673e-05    7.0834849126289e-05     5.499118211949e-05    3.8054271981558e-05    7.8892431587541e-06    3.6723642575787e-06    3.5615235205455e-09    1.0932319819634e-05    3.7397469565548e-08    3.8992673090377e-08    7.2748534307721e-08                      0   -5.2142431545832e-06     -7.00499291999e-05    5.9518548312099e-08    3.8651857270366e-08    6.9131838031922e-08    2.2880367822609e-08    3.2465323318576e-08    2.6415980514116e-10    1.9531487538416e-11    1.0686523177483e-07                      0                      0                      0    2.6852134297428e-05    0.00037816440673311     5.450250390826e-05    0.00031292813282269    5.1274604464524e-06    9.7683959959127e-05    0.00064068508837911    0.00014203418114755                      0                      0                      0    1.6987961927395e-05    0.00020852047949571    3.2356655764509e-05    0.00013473479101433    7.3729248173393e-07    2.4674421878146e-05    4.5608213381065e-05    1.0988367671771e-05         972.1962890625          27.8037109375                      0             13.2890625                      0          0.22998046875          0.08642578125                      0                      0            0.013671875          0.00341796875                      0                      0          139.525390625          0.07470703125        890256.95947266           20857.296875
                      0                    3.5                   2048                   1000     0.0022247339418997    3.8865964341994e-05     8.881391942861e-05                      0    0.00040134277637316     0.0014864804614261    6.2758838886623e-05    3.3957046384536e-05    5.3593685065412e-05       4.0134599121e-05     4.071246102022e-06    4.0122426758771e-06    3.5175777846064e-09     8.519602552326e-06    3.5919923924155e-08    3.9895019288139e-08    4.8940430374955e-08                      0   -4.6255903383141e-06   -6.3020475613573e-05     5.871046404593e-08    3.7952145870435e-08    4.9013668235176e-08    2.3685061023571e-08    3.2932621074622e-08    3.3251978948101e-10    1.9531043449206e-11    8.8383806051695e-08                      0                      0                      0    2.4423540055718e-05    0.00040588274169373    4.6837880850692e-05    0.00028370432520175    3.8012480567673e-06    8.5721994629306e-05    0.00051648499022194    0.00012782380422616                      0                      0                      0    9.9914570297344e-06    0.00015700283203657    2.4956997568104e-05     0.0001268305131843     7.188437467498e-07    2.1941312003282e-05     4.374042676325e-05    9.7232319422602e-06         977.0302734375          22.9697265625                      0          10.9658203125                      0          0.33642578125          0.12744140625                      0                      0          0.02294921875          0.00537109375                      0                      0          110.619140625          0.03369140625        905139.62402344        17282.103515625
                      0                      4                   2048                   1000     0.0024786487104511    3.2082292483082e-05    0.00010245388037111                      0    0.00045065327734983     0.0016780026137622    5.3851283188688e-05     3.945713623299e-05    6.6004365713912e-05    3.7097606435221e-05    3.7956582055187e-06    4.6306704097887e-06    3.7910155015197e-09      7.71908301056e-06    3.7295402766091e-08    3.8146488190449e-08    6.4939458255253e-08                      0   -7.2351699178519e-06   -6.0343520031036e-05    5.6366193934565e-08    3.6359375954476e-08    4.8623050030727e-08    2.3639647572793e-08    3.2872075728108e-08    4.1113246140867e-10    1.9531487538416e-11    8.9529293312296e-08                      0                      0                      0    4.1504600100328e-05    0.00045059716162399    4.6058832035456e-05    0.00032049048876104    4.4777177716782e-06    9.1697836915205e-05    0.00060908844483754    0.00012229916063999                      0                      0                      0    1.5347432140267e-05    0.00016274100097391    3.0581043451772e-05    0.00015039300781039    7.1206641027999e-07    2.7271063484768e-05    4.3483993161342e-05    1.5001238769852e-05           974.12890625            25.87109375                      0          12.3701171875                      0             0.19921875          0.07275390625                      0                      0           0.0107421875          0.00341796875                      0                      0        125.75048828125          0.10400390625        905456.91796875        16989.009765625
                      0                    4.5                   2048                   1000     0.0023049352529156    3.5307429686604e-05    0.00010375476904256                      0    0.00035683282764021     0.0015997982329159    7.1989428233277e-05    3.7354744628626e-05    5.1324949218667e-05    3.0950790526951e-05    2.6176479579476e-06    6.1834384763593e-06    4.1879881784723e-09    6.7873046889488e-06    3.9249506311734e-08    3.8581047245856e-08    9.5010752154678e-08                      0   -4.2097817498643e-06   -7.7156090354968e-05    6.2997555172473e-08    3.6292978844443e-08    4.8244138461939e-08    2.4361328954114e-08    3.2272461591987e-08    1.6162093885441e-10    1.4648726676114e-11    1.3815428845376e-07                      0                      0                      0    2.7425153794614e-05    0.00039470721142854    4.8474841308543e-05    0.00028385571386647    3.7693989325405e-06      7.89301132742e-05    0.00062447019483702    0.00015620961818597                      0                      0                      0     9.112133292799e-06    0.00013375063818577    2.8035364729728e-05    0.00010504305420334    7.0744190150407e-07    1.9062249019264e-05    4.3705639654501e-05    8.8908715909497e-06        970.33642578125         29.66357421875                      0         14.16455078125                      0           0.4326171875           0.1513671875                      0                      0          0.02001953125          0.00537109375                      0                      0         147.3720703125              0.0859375        902368.97558594        16790.442382812
                      0                      5                   2048                   1000       0.00254383658545      4.53157587752e-05    0.00010214086864568                      0    0.00047886084521354     0.0016458121782184     0.0001016434897636     6.773483496092e-05    4.9721516599099e-05    3.3640692866044e-05    4.2721396398271e-06    4.6322622067052e-06    4.1093750624555e-09    7.7226738399716e-06    4.0842772719429e-08     4.174902556997e-08    6.8140140196959e-08                      0   -5.7783735405437e-06   -9.7635343767166e-05    7.1619141284174e-08    4.1618654744724e-08    6.6230967821213e-08    2.2890629391981e-08     3.285986149848e-08    2.3486323996735e-10    1.4648282586904e-11    9.9999520219995e-08                      0                      0                      0    3.6454818368892e-05    0.00037981772218343    4.4018026376769e-05    0.00029529826122499     4.491538093454e-06     7.589159423782e-05    0.00065728823535283    0.00019724506396868                      0                      0                      0    1.2226769534163e-05    0.00018180613183327    2.6803882806181e-05    0.00016038686962583    8.2050781591292e-07    2.4310942379646e-05    5.3800985359675e-05    1.2016476568455e-05        970.69677734375         29.30322265625                      0          14.0361328125                      0            0.080078125            0.029296875                      0                      0            0.001953125          0.00048828125                      0                      0         141.0537109375          0.03076171875        903015.48388672         16420.38671875
                      0                    5.5                   2048                   1000     0.0025832681831051    5.2497240240257e-05    8.2635344252235e-05                      0    0.00042543854150123     0.0017513169794912    0.00011933920119667    5.6767637206967e-05    4.0517020012842e-05    3.3953112780427e-05    3.2701074288433e-06    4.8959169918206e-06    4.2416989920468e-09    1.0577927264777e-05    7.1512195720658e-08    4.1574208520245e-08    5.2540036321602e-08                      0   -5.6667080050588e-06   -0.00011588919339012    7.4452612075504e-08    8.4555664248143e-08     4.619431326347e-08    2.3037588725572e-08     3.282567284657e-08    2.2021451329124e-10    2.4414248400717e-11    9.4447248244478e-08                      0                      0                      0    4.5763352536365e-05    0.00043010548292255    5.6501655774976e-05    0.00036087180127709    3.6168696144756e-06     8.516884227916e-05    0.00060057647217393    0.00023349262209482                      0                      0                      0    2.0902372551035e-05    0.00019132943897171    2.7063253902337e-05     0.0001143186977548    7.2816259866215e-07    2.0772379890399e-05    4.5092424314941e-05    1.1792946288391e-05          978.001953125           21.998046875                      0          10.7197265625                      0          0.22314453125          0.07568359375                      0                      0               0.015625          0.00439453125                      0                      0        108.05322265625           0.0732421875        909366.26074219        15099.706054688
                      0                      6                   2048                   1000     0.0020137881464914    3.3182105948271e-05    7.9418693363031e-05                      0    0.00040468408203198     0.0013273118334975    3.4404168467006e-05    2.9925786629637e-05     5.522099121924e-05     3.171826465076e-05    4.7570351622284e-06    3.7415585936174e-06    3.1992186677599e-09    7.2743720678226e-06    3.7315927237103e-08    3.7742194702872e-08    4.8707531341563e-08                      0    -5.504937509393e-06   -3.9505648946836e-05    5.6292495997923e-08    3.5900893369245e-08    5.7456043034421e-08    2.2856440740071e-08    3.2477042388734e-08    2.0068391393124e-10    1.9531043449206e-11    7.9085432425074e-08                      0                      0                      0    2.4888745116414e-05     0.0003367910766725    4.5143932127178e-05    0.00028679038867585     4.150206555309e-06    9.4278295890149e-05    0.00044380964892765     8.058436182834e-05                      0                      0                      0    9.6900273360845e-06    0.00016196622607723     2.620618652216e-05    0.00012993548340923     6.515796000528e-07    2.5024914072969e-05    3.5199417947496e-05    1.1575495615368e-05         976.8994140625          23.1005859375                      0           11.033203125                      0            0.529296875           0.1826171875                      0                      0            0.025390625           0.0068359375                      0                      0        115.65576171875          0.09619140625        899403.57763672        17433.332519531
                      0                    6.5                   2048                   1000     0.0016792670395467     4.050764112673e-05    7.4653519041679e-05                      0    0.00028468253661895     0.0011328379116073    2.9739457039213e-05    3.5550746105173e-05     3.407025195612e-05    2.4847500490033e-05    5.7198886751486e-06    3.1486215821275e-06    4.5791015423902e-09    1.0895881354944e-05    4.5547849047978e-08    3.4837884133054e-08    4.1993164057175e-08                      0   -2.3195781428953e-06   -2.9686100609272e-05    5.2044426102071e-08     3.397655623516e-08    4.0068380613434e-08    2.0410157119954e-08    3.2012692496863e-08    1.9091794811743e-10    1.9531487538416e-11    9.3250991373139e-08                      0                      0                      0    1.8823927227629e-05    0.00021455703418116    3.2371290036082e-05    0.00017399114746608    3.5274135901098e-06    7.2360833032192e-05    0.00050726598534867    6.1171889662592e-05                      0                      0                      0    1.1472150868386e-05    0.00010112452343947    1.5262270023353e-05    8.8179479987183e-05    6.7101366640898e-07    1.9808971678081e-05    2.8311153806637e-05    5.1039228607941e-06        979.47119140625         20.52880859375                      0          9.98291015625                      0          0.18798828125           0.0693359375                      0                      0          0.01123046875          0.00244140625                      0                      0         99.62744140625          0.04150390625        891629.03417969        17482.434082031
                      0                      7                   2048                   1000     0.0022323008310607    3.7145955072759e-05    0.00011831391308759                      0    0.00038756093603443     0.0014964604155168     4.099491797005e-05    2.2904450200922e-05    7.2900736326265e-05    3.8691080556763e-05    3.9609365272142e-06    3.3239204104696e-06    4.2558592205921e-09    7.9586171795043e-06    3.8543447544725e-08    3.8537597557564e-08     5.189402729755e-08                      0   -1.9280423355195e-05   -3.9245148431899e-05    5.7570302303134e-08    4.5610847543287e-08     5.133740232921e-08    2.3433591067601e-08    3.3119613274124e-08    3.1347635598422e-10    1.4648726676114e-11    2.2473194105643e-07                      0                      0                      0    3.5549078120756e-05    0.00033849902540517    4.1409243160651e-05    0.00025599030078727    3.6530346454455e-06    8.7402682616755e-05    0.00063841685351873    8.2203627928212e-05                      0                      0                      0    1.1226904787609e-05    0.00014024513965749    2.2872661134876e-05    0.00011304564258197    7.3665038824444e-07    1.9808452638159e-05    5.1276749028606e-05    3.9005496097477e-05        969.93701171875         30.06298828125                      0            13.87890625                      0          0.27783203125           0.0888671875                      0                      0            0.013671875          0.00244140625                      0                      0        150.59619140625          0.17529296875        883921.82470703        19638.002929688
                      0                    7.5                   2048                   1000     0.0034997800756869     5.572452832725e-05    0.00012071242139688                      0    0.00077937117333393     0.0022456498959955    7.6097620103965e-05    4.7946429214019e-05    0.00010493300926973     4.246137841557e-05    4.0307573327958e-06    3.4391923828814e-06    4.9995114714818e-09     1.623118798344e-05    4.1740718437211e-08     4.145899490382e-08    5.9053220979877e-08                      0    -1.865800928913e-05   -8.7976490215524e-05    6.5748052779924e-08    6.3280278350675e-08    5.7209477599685e-08    3.5744135207239e-08    3.2840313135551e-08    2.5439472750577e-10    1.4648726676114e-11    1.5963477206782e-07                      0                      0                      0    6.1105791498317e-05    0.00056336061426343    7.0200076195626e-05    0.00040304446777295    3.8306079135353e-06    7.8874959952735e-05    0.00089102149317322    0.00017847239305491                      0                      0                      0    3.1226193363931e-05    0.00039673087549241    3.3095124998272e-05    0.00016846127294956    8.3552441632051e-07    2.4494670407993e-05    8.9070068354236e-05    3.7963587896428e-05          971.525390625           28.474609375                      0            13.40234375                      0          0.25927734375          0.09130859375                      0                      0             0.01171875             0.00390625                      0                      0         143.3330078125            0.119140625        901157.07714844        14410.053710938
                      0                      8                   2048                   1000     0.0061550712954115    0.00014907212353643    0.00013122601561566                      0     0.0010341739331134     0.0041031523373984    0.00025316339450887    0.00020527834619299    0.00015960358594214    8.0598501947637e-05    1.1567825198622e-05    5.6191445310105e-06    3.1162112890115e-09    1.9024614736018e-05    4.0287118086013e-08    4.6943826603751e-08    8.1038086463536e-08                      0   -2.0090151839458e-05   -0.00023943929590464    1.1010938782974e-07     1.022583098198e-07    5.5461428338788e-08    2.4914073026849e-08    3.4888680833234e-08    2.2998047910505e-10    1.9531043449206e-11    4.0914452270613e-07                      0                      0                      0    0.00010865930421078     0.0014169611630837    8.8229507331672e-05    0.00083628202539332    5.3519091904874e-06    0.00010813227929596     0.0011486465937414    0.00048125430956514                      0                      0                      0    5.9950452629742e-05    0.00039310504394496    5.3197793945081e-05    0.00031686854931623    9.6740282717889e-07    5.2305600101832e-05    0.00011290516356866    4.0731157708862e-05         975.4697265625          24.5302734375                      0         11.23291015625                      0          0.43701171875             0.16015625                      0                      0             0.01953125            0.005859375                      0                      0        122.86279296875           0.1708984375        908868.62011719          13371.3984375
                      0                    8.5                   2048                   1000     0.0041819119140643    5.5740899909118e-05    0.00010930978758772                      0     0.0010051880952164     0.0026716757221759    7.7946046890709e-05    4.5090777344825e-05    9.0880434568508e-05    9.6617385742626e-05      6.07608545522e-06    4.7033105472494e-06    9.3999023231817e-08    1.5972042969548e-05    3.7996587654021e-08    4.0016109981167e-08    6.2691398294845e-08                      0   -9.9722568323024e-06   -6.8232439930149e-05    6.2116226384745e-08    8.0807620594925e-08    1.0338475631144e-07    3.5243655993611e-08    4.5335442067085e-08    1.7138646057901e-10    1.4648415813667e-10    1.2387645220713e-07                      0                      0                      0    8.3838568359695e-05     0.0007820604262565     0.0001001955493285    0.00070303008107109    1.4473404303494e-05    0.00014239791259429    0.00065900647118156    0.00013848255906934                      0                      0                      0    3.4047052244635e-05     0.0004733006772506     4.978824170232e-05    0.00030296257812612    9.2972949028436e-07    4.5178078129204e-05    6.0866072263632e-05       2.0550865238e-05          974.474609375           25.525390625                      0         11.57373046875                      0          0.23779296875           0.0849609375                      0                      0          0.01123046875           0.0029296875                      0                      0        130.24853515625          0.02490234375        894304.94384766        18411.431152344
                      0                      9                   2048                   1000     0.0021793182929688    2.4762690445268e-05    8.8447573734829e-05                      0    0.00040262061425311     0.0014757320107432    2.7101595708068e-05    2.0073675309984e-05    4.7506888670501e-05     7.685843944838e-05    2.0148413177878e-06    5.8926230468437e-06    3.2827149887282e-09     5.823029776586e-06    3.6079099263731e-08     4.574217005171e-08    4.8133778296489e-08                      0   -1.0065196298648e-05   -3.2932420400922e-05    6.7563469485776e-08    3.5015625954316e-08    4.9737299612218e-08     2.367676010806e-08    3.2156733276167e-08     3.374021062541e-10    1.9531487538416e-11    8.2263690082129e-08                      0                      0                      0    2.1255157711675e-05    0.00038260953028812     4.558363181717e-05    0.00033724564599158    3.5733881977862e-06    0.00010451507567666    0.00046587802393416    6.7358576672394e-05                      0                      0                      0    1.4100063477684e-05    0.00014769751416566    2.5956494632773e-05    0.00011889725928427      6.97257326987e-07    3.0453997072577e-05    4.2864232918216e-05    2.0502238289755e-05         977.1240234375          22.8759765625                      0              10.859375                      0           0.4775390625          0.16552734375                      0                      0            0.017578125          0.00537109375                      0                      0        108.94189453125             0.01953125        894626.15332031        17552.094238281
                      0                    9.5                   2048                   1000     0.0035393769672805    6.1323176762773e-05    0.00010352887499732                      0    0.00062613279248636     0.0024230277910093     8.274399560948e-05    5.6996035148416e-05    8.6197225593665e-05     5.815971386447e-05    7.9969062567464e-06    4.1341928707084e-06    5.0244142180134e-09    2.0255370615008e-05    3.7757803106331e-08    4.9020504100383e-08    8.6408687760553e-08                      0   -8.8660092756321e-06   -6.8290469729337e-05    6.2507326425987e-08    3.8477035779749e-08    5.0998048450879e-08    2.3182611830208e-08    4.1167969921929e-08    2.7392577095497e-10    4.8828052712224e-11    1.0901221081383e-07                      0                      0                      0    0.00012616646192409     0.0007776411455005     6.683361816151e-05    0.00049518193847353     3.354327646754e-06    0.00011753800535885    0.00067108110547265    0.00013852981689899                      0                      0                      0    4.1094721192181e-05    0.00027312862597739     3.174512792592e-05    0.00016714944384422    6.6817089727778e-07    2.7714617671037e-05    4.9353632824545e-05    1.8376544436371e-05         975.8193359375          24.1806640625                      0          11.4638671875                      0            0.478515625          0.18017578125                      0                      0           0.0185546875          0.00439453125                      0                      0           113.44921875           0.0185546875        895809.87109375        18175.260253906
                      0                     10                   2048                   1000     0.0019737207421788    2.3085845210158e-05    7.8064195807581e-05                      0    0.00033585278367898     0.0014041827705134    3.7162126444557e-05    2.3710889166306e-05    3.1419520504894e-05    2.5203216797109e-05    2.7759292140495e-06    4.4367299798509e-06    3.5708005441393e-09    5.8863769494266e-06    3.5414558396951e-08    5.1957523616863e-08    4.4532712628609e-08                      0   -7.5974658249045e-06   -3.9398212391184e-05    5.7404314635079e-08    4.4411119226595e-08    4.3403318716884e-08    2.0695309466134e-08    3.1940924127838e-08    4.8925796747312e-10    1.9531043449206e-11    9.0602544577933e-08                      0                      0                      0      2.41634872995e-05    0.00028387351268799    3.5756875476523e-05    0.00022440446729366    2.5458300729753e-06    5.2722365738944e-05    0.00066631386426419    8.0576862294901e-05                      0                      0                      0    9.2795517487865e-06    0.00010355340381363    1.8310903318941e-05    9.2810522456688e-05    5.4266162052841e-07    1.5977298823522e-05    6.6046503423234e-05    1.5606471179375e-05        975.98095703125         24.01904296875                      0         11.46826171875                      0             0.27734375          0.09619140625                      0                      0             0.00390625           0.0009765625                      0                      0          120.740234375          0.01025390625        938921.67041016        10019.881835938
                      0                   10.5                   2048                   1000     0.0026799347265514     3.294836230161e-05    8.9996204101883e-05                      0    0.00053511572119103     0.0018341509848661    5.3440726076381e-05    2.4436632319436e-05    6.4187495620427e-05    3.0453469239244e-05    2.2421494212388e-06    4.5738266600814e-06    3.7036134159507e-09    6.4113740108063e-06    3.7567394084448e-08    3.9228521764301e-08    4.9583506189776e-08                      0   -7.3370058593092e-06   -6.0110547860592e-05    5.7564446986902e-08    3.6229489186468e-08    4.7342769260439e-08    3.5849117452358e-08     3.215770405518e-08     1.806643723512e-10    1.9531487538416e-11    1.1541845834628e-07                      0                      0                      0    4.9141016075449e-05      0.000440186463877    5.6751702632418e-05    0.00032159567723422    3.4628925851266e-06    7.1032663562232e-05    0.00071009651369502    0.00012213468555355                      0                      0                      0    5.3372977045996e-05    0.00020644196288844    2.9926380862744e-05    0.00014509718017575    5.0312060606572e-07    2.6833063954346e-05    6.4181056149692e-05    1.5090737798928e-05        975.14404296875         24.85595703125                      0         11.79443359375                      0             0.19921875          0.07373046875                      0                      0           0.0126953125          0.00244140625                      0                      0        123.53759765625               0.015625        952757.81689453        5677.3715820312
                      0                     11                   2048                   1000      0.003036027572751    5.3693521970821e-05    0.00010748408006789                      0    0.00058530381396205     0.0019844919697309    7.8119948732525e-05    5.0712724617874e-05    8.4816150383471e-05    4.3094633790375e-05    1.2216140625743e-05    4.9467387701618e-06    4.2412109380052e-09    2.9235047830145e-05    3.7720213175163e-08    3.8624024423228e-08    4.7613753384468e-08                      0   -8.3109609452237e-06   -0.00011051164307574    6.2487326868421e-08    3.9279782537704e-08    4.9412593128295e-08    3.6085953780685e-08    3.3618658079604e-08    2.2021451329124e-10    1.9531487538416e-11    1.0899707936218e-07                      0                      0                      0    5.2313463882125e-05    0.00047602871777119    5.0638816411208e-05    0.00034466472069328    3.8207763806142e-06    8.1169816434024e-05    0.00079511246922115     0.0002228186455091                      0                      0                      0    2.1391541507487e-05    0.00024806612695194      4.53765131887e-05    0.00013635037890714    4.9769776566677e-07    2.9881291020661e-05    7.5321728514766e-05    1.7021588873511e-05          975.474609375           24.525390625                      0         11.48486328125                      0            0.560546875           0.2060546875                      0                      0          0.02099609375            0.005859375                      0                      0        126.43115234375             0.01953125        946647.00341797         8173.986328125
                      0                   11.5                   2048                   1000     0.0026464903730412    3.3632588873012e-05    9.9872489261799e-05                      0    0.00050667550243455     0.0017492617626886    6.9214559081487e-05    4.2665937508346e-05    8.6113212884431e-05    3.4558528799078e-05    8.2324238181997e-06    3.0456650392807e-06    3.3164062607227e-09     1.144368264594e-05    3.7458495860676e-08     3.771337508951e-08    4.7081555987205e-08                      0    -1.278816749517e-05   -7.3406709475865e-05    5.9286613396381e-08     5.166552785596e-08    4.5833999262612e-08    2.2027848878281e-08    3.3168949808982e-08    2.8417979081041e-10    1.9531043449206e-11    9.0412092035308e-08                      0                      0                      0    3.9984264161852e-05    0.00039932811522903    4.2045673840363e-05    0.00028956505517819    2.7978745040791e-06    6.3662412582044e-05    0.00078623340478812    0.00014849329541367                      0                      0                      0    2.1723916002081e-05    0.00017148303857217    2.9186804688663e-05    0.00014107901807803    2.4663105517853e-06    2.0907977050122e-05    9.4254158697016e-05    2.5963616210323e-05         972.9619140625          27.0380859375                      0          11.6689453125                      0          0.55712890625           0.1845703125                      0                      0          0.01513671875             0.00390625                      0                      0        136.49755859375          0.08056640625            947597.4375           7663.3828125
                      0                     12                   2048                   1000     0.0021417234076981    2.5186541512401e-05    9.6492727532205e-05                      0    0.00033911590087632     0.0015124924990197    4.1907299325405e-05    2.6166344732292e-05    5.2233362313636e-05    2.8472962401604e-05      4.05925976521e-06    4.6807797851045e-06    3.1259763666469e-09    9.0563627881401e-06    3.5994637048731e-08    4.4437995949664e-08     6.739649327514e-08                      0   -6.8165742272974e-06   -5.7779923335222e-05    5.4979499619634e-08     3.566014994405e-08    4.6184546853567e-08    2.1474607425631e-08    3.2263181015679e-08    2.0605472883517e-10    1.4648282586904e-11    8.7066892806575e-08                      0                      0                      0    3.1085798843922e-05    0.00032517325194803    4.0236553227047e-05    0.00025866485695136    2.8354179586465e-06    5.2882557607603e-05     0.0006871586098689    0.00011715731055872                      0                      0                      0     7.704334962888e-06    0.00011569044042359    1.9731778820642e-05    9.8095796388975e-05    4.7218262011484e-07    1.9915942387261e-05    5.6972217278073e-05    1.4006860840077e-05            972.2265625             27.7734375                      0         12.38818359375                      0           0.6181640625          0.22216796875                      0                      0          0.02197265625            0.005859375                      0                      0          140.083984375          0.05029296875        958014.12841797        4095.6728515625
                      0                   12.5                   2048                   1000     0.0019590464804544    2.4047039550279e-05    8.7172470708996e-05                      0    0.00033953645997631     0.0013673981464986    4.4083232424441e-05    1.8121173822827e-05    4.0830892586996e-05    2.7212795408182e-05    1.4677206938707e-06    3.8061245115628e-06    3.3115234998604e-09    3.4852319203971e-06    3.5899422989871e-08     3.685011140675e-08    4.6459480707028e-08                      0   -7.0508129685898e-06   -4.9137140624378e-05    5.7551755361374e-08    3.5609851956053e-08    7.5747077055155e-08    2.1866206179055e-08    3.2363774771227e-08    1.7578116739969e-10    1.4648726676114e-11    9.5641605302177e-08                      0                      0                      0    2.2316519052712e-05    0.00027828597656532    3.3144292983067e-05    0.00021249402978141    2.9709477575857e-06    5.0766412595049e-05    0.00066608114060962    0.00010020490088092                      0                      0                      0    7.3922895467149e-06    0.00010814624999256    1.9637148438445e-05    9.2117320306784e-05    4.8122851126209e-07    1.9454153314058e-05    7.3136118661221e-05    1.4522054200494e-05         974.7861328125          25.2138671875                      0         11.70751953125                      0          0.54150390625           0.2001953125                      0                      0          0.03076171875           0.0068359375                      0                      0         127.6748046875            0.033203125        962173.27832031           3119.6953125
                      0                     13                   2048                   1000     0.0034940486537987    6.0407188967826e-05     0.0001202153227613                      0    0.00063608083398314     0.0023078190454084    0.00012614667088995    7.8662311041811e-05    9.2273440420065e-05    4.1470622068385e-05    9.0685981488647e-06    6.3316249998557e-06     3.536620774014e-09     1.315151611081e-05    3.8279777569983e-08    3.8657713030688e-08     6.482667735952e-08                      0   -1.5307384752195e-05   -0.00014174002732625    6.3426755847473e-08     5.053370877306e-08    2.7901904653405e-07    2.2995607196208e-08    3.3582522096509e-08    2.6416024923037e-10    1.4648282586904e-11    1.0229588154331e-07                      0                      0                      0    3.4929665039041e-05    0.00051774111133973    4.5284190432149e-05    0.00041658044141402    3.9647026306433e-06    9.8276770025052e-05    0.00096766015136884    0.00028526754686853                      0                      0                      0    2.7993795901793e-05    0.00023753241845892    4.6531530756955e-05      0.000180124880377    5.5018604339097e-07     3.263354638694e-05    8.9467663572318e-05    3.1272498040025e-05        976.12646484375         23.87353515625                      0           10.587890625                      0          0.68310546875           0.2314453125                      0                      0            0.017578125          0.00439453125                      0                      0        126.24560546875           0.0244140625        951509.77294922        5139.0737304688
                      0                   13.5                   2048                   1000     0.0046375120327187    0.00011780970069708    0.00014399249316188                      0    0.00084524842285028     0.0029097120996204    0.00022549671190042     0.0001516282788061    0.00013813767968429    6.3494560541333e-05    1.1695580082183e-05     3.022899902394e-06     3.204589926753e-09    2.5097221666215e-05    4.0373521414949e-08    4.6208484594246e-08    7.3248546783589e-08                      0    -2.921275683887e-05   -0.00020248279587731    1.5645164452849e-07    4.9070798979756e-08    5.5912585228413e-08    2.5747075138582e-08      3.41494259537e-08    2.1533175242894e-10    1.9531487538416e-11    1.2716993103012e-07                      0                      0                      0    0.00010107231152467    0.00079215975731817    8.4402601078448e-05    0.00049627456981893    3.6012138693309e-06     9.541746043995e-05     0.0010969779863319    0.00040728114307242                      0                      0                      0    3.0851057621906e-05    0.00028978177295658    5.6610338865948e-05    0.00025488739502633       5.3370263009e-07    3.8283849606913e-05    0.00014394883202584    5.8923854983295e-05           973.41015625            26.58984375                      0         11.66357421875                      0          1.31298828125             0.44921875                      0                      0          0.03076171875          0.00634765625                      0                      0         138.4072265625          0.06298828125          935509.796875         8380.576171875
                      0                     14                   2048                   1000     0.0053821902690392    0.00011875585350829    0.00014735997655446                      0    0.00074174434521579     0.0035620930722864    0.00034817559276812    0.00017894950782793    0.00014444642186051    9.6948220707826e-05    1.2553487798606e-05    6.0499038081474e-06    3.3803710941527e-09    2.3082506829475e-05    4.0918940680257e-08    6.6091794703738e-08    5.4125977921871e-08                      0   -3.0922060542338e-05   -0.00030987008007566    8.5985343289963e-08    5.0413563990048e-08    5.6417480465143e-08    2.4204108051151e-08    3.5014659616195e-08    1.9580115306894e-10    1.4648282586904e-11    1.5803269626247e-07                      0                      0                      0    0.00013666633398568     0.0011249259409323    8.2959804688088e-05    0.00054582490135857    3.7020356473683e-06    7.8080973130223e-05     0.0012074868017602    0.00062176396095825                      0                      0                      0    3.4215672370941e-05    0.00029191512890314    3.3079734369945e-05    0.00018486938427253    5.7612548998165e-07    2.2073238275411e-05    0.00013711585840115    6.2315171382554e-05        968.31005859375         31.68994140625                      0          12.8857421875                      0          1.72802734375          0.59912109375                      0                      0            0.056640625           0.0146484375                      0                      0           171.57421875          0.14697265625        909036.26708984        12718.985351562
                      0                   14.5                   2048                   1000     0.0029014436215871    5.5347325689681e-05    0.00010427340185615                      0    0.00042566185643622      0.002011187992661    0.00011262047217242    6.8179655280165e-05    6.2473237310456e-05    3.6326740233683e-05    5.3068462055883e-06     5.783686034988e-06    4.2363281771429e-09    1.2344901840322e-05     3.748096943923e-08    3.9049311784112e-08    4.9966319082273e-08                      0   -1.4232072758524e-05   -0.00013487838721638    2.2241748842688e-07    4.0043966809122e-08    4.9796371026645e-08    2.1787593063038e-08    3.2313979492216e-08    2.4511725982279e-10    1.4648282586904e-11    1.0472560552088e-07                      0                      0                      0    3.2064299809065e-05    0.00041794352049251    5.0459293443605e-05    0.00025845962939997    3.5350664275846e-06    7.8136231432602e-05    0.00095773815526989    0.00027181610595894                      0                      0                      0     1.761450146498e-05    0.00014543163720449    2.1539444340135e-05    0.00010846541015042    5.6663672109991e-07    1.2443023924558e-05    9.4263033694642e-05    2.8890449707664e-05        972.15087890625         27.84912109375                      0          11.4267578125                      0            0.892578125            0.322265625                      0                      0            0.029296875           0.0068359375                      0                      0        141.36962890625          0.06396484375        903330.26513672        12940.907714844
                      0                     15                   2048                   1000     0.0024718680073206    3.1377762692131e-05    0.00011836741991011                      0    0.00042477732568047     0.0016991762548844    5.9221838865309e-05     2.980794042351e-05     6.541198536425e-05    2.7153317366579e-05    2.0105136724347e-06    4.0181040041887e-06    3.3657223674766e-09    8.6573969899639e-06    3.8989755868357e-08    3.9214341107652e-08    5.1228507214063e-08                      0   -1.0010981928321e-05   -7.2235313971714e-05    6.0634271381588e-08    5.2364737879174e-08    5.2802254124629e-08    2.1943368455624e-08    3.2035645247674e-08     3.227538236672e-10    1.4648282586904e-11    1.7080372227696e-07                      0                      0                      0     2.531541796813e-05    0.00032440991063032    4.1915476575838e-05    0.00022435443653013    3.0553203087536e-06    7.5796217279933e-05    0.00086509994971085    0.00014652832422035                      0                      0                      0    8.2186660192995e-06    0.00013153227636487    1.9303531745951e-05    0.00012481523682606    7.0276367614142e-07    1.5742211921577e-05    0.00010003518359447     2.045487304736e-05          968.404296875           31.595703125                      0          12.8037109375                      0           1.8232421875          0.63232421875                      0                      0           0.0595703125            0.013671875                      0                      0        170.53271484375          0.12451171875        912672.51660156        12425.860351562
                      0                   15.5                   2048                   1000     0.0023805162773374    4.2646679191183e-05     0.0001107734638639                      0    0.00037602596387076     0.0016482107431686    7.1288053230756e-05     3.485148534299e-05    5.5180109862274e-05    2.7257123534685e-05    2.4816103465497e-06    4.5203071290523e-06    3.9331058410141e-09    5.3188618163169e-06    3.7882317283078e-08    3.7084971982182e-08    7.6179204722138e-08                      0   -8.8518877054966e-06    -9.365686767504e-05    6.0807614943315e-08    3.6680172676995e-08    4.8623536752501e-08    2.1772951885879e-08    3.2591791043757e-08    1.7675771957215e-10    1.4648282586904e-11    1.2210010202907e-07                      0                      0                      0    2.1076243159168e-05     0.0002991808569246     4.225387892598e-05      0.000228397158204    2.6706499016704e-06    6.3673529283825e-05    0.00083615207569432    0.00018895924706541                      0                      0                      0    6.4114423783401e-06    0.00011937916211036    2.5614897462223e-05    9.2843229495543e-05    5.7968798827801e-07    1.7132012213317e-05    8.7213499016858e-05    1.8147537117486e-05         969.5888671875          30.4111328125                      0          12.2138671875                      0          1.74169921875          0.57080078125                      0                      0             0.05859375          0.01318359375                      0                      0        168.27490234375          0.13427734375        936212.09619141        9659.5786132812
                      0                     16                   2048                   1000     0.0024672458452137    3.1151786137329e-05    0.00011278712988139                      0    0.00037741985449191     0.0017027337084836    6.3807704099972e-05    3.9761238273428e-05     8.365483887296e-05    3.3389709468867e-05    4.1514960718025e-06    5.7208442383327e-06     3.811035487189e-09    1.0834810540761e-05    3.7713370204528e-08     3.740379117545e-08     6.329931689919e-08                      0   -1.3388312009255e-05   -9.5927086433356e-05    6.1003416096383e-08    3.8292483406366e-08     5.112743295399e-08    2.2384765152594e-08    3.2379892989098e-08    1.9580115306894e-10    1.9531043449206e-11    1.1683546174979e-07                      0                      0                      0    2.0028826671403e-05    0.00030102132568643    4.0339576667936e-05    0.00027400895558793    2.3091274363729e-06    4.9553347144737e-05    0.00084718970998487    0.00019388203759219                      0                      0                      0    5.2971747974695e-06    0.00010315472314204    2.0386211901702e-05    0.00010650139062607    4.4741992288877e-07    1.7155289055548e-05    9.3024044435008e-05    2.7297999022569e-05          971.583984375           28.416015625                      0          10.4482421875                      0           2.5048828125            0.884765625                      0                      0          0.06591796875           0.0166015625                      0                      0        161.18505859375           0.1220703125        961993.25097656        3816.8720703125
                      0                   16.5                   2048                   1000     0.0021519031039978    2.8581241218628e-05    0.00010992577049729                      0    0.00035123996923536     0.0014711957324014    5.6826715350677e-05    3.6561144042491e-05     5.025617041543e-05    2.8217056655677e-05    3.1194433471882e-06    3.1164370115633e-06    3.4536133952656e-09    1.0994843250955e-05    3.7907705419116e-08    8.5885261569274e-08    6.3003420258667e-08                      0   -4.3071445352538e-06   -7.5648705610387e-05    5.8708006900332e-08    3.7234372030071e-08    4.8666019658583e-08    2.1222653412423e-08    3.2545410810769e-08    2.2998003501584e-10    1.4648726676114e-11    8.6635242979582e-08                      0                      0                      0    1.7865698749286e-05    0.00030288687696256    3.5676524405837e-05    0.00021266753855187    2.8305747128421e-06    5.0771260236449e-05    0.00070173591798506    0.00015318991504376                      0                      0                      0    8.3148642628927e-06    0.00012290740917331    1.6805218755245e-05    0.00010906552002288    4.3383641701311e-07    1.7691100107076e-05    6.1940746087341e-05    9.0465029289888e-06        969.67724609375         30.32275390625                      0         11.61083984375                      0           3.4814453125           1.2431640625                      0                      0          0.09033203125          0.02001953125                      0                      0        173.07470703125          0.19384765625        954413.34960938        5110.6567382812
                      0                     17                   2048                   1000     0.0024321491943313    3.2987380366389e-05    0.00013349358447146                      0    0.00038767512353166      0.001636896624996    7.0960955563137e-05    4.1456474622059e-05    7.0751558111315e-05    3.5595867681426e-05    4.7978432600182e-06    4.8197812501094e-06    5.0927733141748e-09    1.0750171393514e-05     3.809083537476e-08    4.6980950241249e-08    6.9414540337931e-08                      0   -9.7700068368844e-06   -8.6483706548179e-05    8.8492666083795e-08    3.8160148374544e-08    6.5452641972996e-08    2.2410153288632e-08    3.3079095906885e-08     1.469722121783e-10    1.9531043449206e-11    9.6471183042013e-08                      0                      0                      0     2.741216015556e-05    0.00030907155370485    3.6796299804465e-05    0.00026662102343566    4.0070639761858e-06    5.6264693371944e-05    0.00078788878903868    0.00017467333888499                      0                      0                      0     9.131537609175e-06    0.00013049460302916    2.4077338374173e-05    0.00010864985010084    2.4788334895831e-06    1.8271340818998e-05    6.8381440911036e-05     1.996791014891e-05        969.74658203125         30.25341796875                      0         12.39013671875                      0             5.41796875          1.81884765625                      0                      0            0.123046875          0.02685546875                      0                      0        179.44775390625            0.162109375        933850.33935547        8323.9829101562
                      0                   17.5                   2048                   1000     0.0033484740014669     3.579886718752e-05    0.00013284490381249                      0    0.00055000528759352     0.0023680269130746    6.6714469231233e-05    3.8323234371251e-05    8.3715521004279e-05    5.4611033692087e-05    3.7554321274946e-06     4.527748046268e-06    3.8159178039621e-09    7.9052597636853e-06    5.0393544448468e-08    3.8522462109114e-08    5.0442367616199e-08                      0   -7.1989575065601e-06   -8.2447672877795e-05    9.1609370755918e-08    3.7306647104884e-08    4.9822761472029e-08    2.1286126195008e-08    3.2303711705595e-08    2.1044899156664e-10    1.9531487538416e-11    1.3908448792677e-07                      0                      0                      0    0.00011472130223922    0.00051624351220791    4.2535571282976e-05    0.00031704998436899    4.0826245055747e-06    7.6293031244568e-05       0.00101286229396    0.00016683751074265                      0                      0                      0    6.2576357914068e-05     0.0002153111440375    2.1317747074701e-05    0.00011796653905627    7.1557177161452e-07    1.9102119144243e-05    6.1980444335585e-05    1.4941052236761e-05         968.9873046875          31.0126953125                      0          12.1884765625                      0          4.51123046875          1.55517578125                      0                      0          0.11572265625          0.02978515625                      0                      0          173.740234375          0.17626953125        890092.59960938        16409.083007812
                      0                     18                   2048                   1000     0.0033853888955058    2.3656881369405e-05     0.0001246353178761                      0    0.00054095524267961      0.002503936402849    4.5135971192156e-05     2.200195019153e-05    7.3126496117126e-05    3.1299523438832e-05    3.3748027208347e-06    3.9622700196418e-06    4.6230468342401e-09    1.0963361837479e-05     3.777001111871e-08    4.8175289535379e-08    5.1678705315084e-08                      0   -6.6609980415855e-06   -4.9632413575917e-05    5.6607418752463e-08    3.5459961633677e-08    5.0136713447557e-08    2.1334485289515e-08    3.2447737829955e-08    3.4228531120561e-10    2.0019541580041e-11    1.2356932277413e-07                      0                      0                      0     0.0001245299795003    0.00048563852931105    4.5315126470769e-05    0.00034183833446777    4.1270664219439e-06    9.3710053705287e-05     0.0010310153325217    0.00010141589160995                      0                      0                      0    5.4805818844539e-05    0.00018778726758661    2.5261124025899e-05    0.00012344563086453    7.7675635345997e-07    1.6993414557298e-05    3.8512468258478e-05    1.3894093750633e-05         967.7041015625          32.2958984375                      0          11.9541015625                      0           4.4697265625          1.52880859375                      0                      0          0.11767578125             0.02734375                      0                      0        186.74462890625          0.22705078125        857574.34326172        22061.266601562
                      0                   18.5                   2048                   1000     0.0089620588134673    0.00018568865332025    0.00020164182470372                      0     0.0018522660840001     0.0058602351655366     0.0003091996484299    0.00022597539014635    0.00017351806200017    6.1883316893052e-05    3.4854836928666e-05    4.3030239256225e-06     3.889160105075e-09     5.000515381548e-05    4.1713871912208e-08    5.8045888096103e-08    5.4649409886309e-08                      0   -1.3432213837206e-05   -0.00026054252199614    1.3728369419042e-07    4.3195317989131e-08    5.6142089199795e-08    2.2471690730441e-08    3.3716309744136e-08    4.5019499239629e-10    1.9531487538416e-11    1.5669384234585e-07                      0                      0                      0    0.00036556191210702     0.0023562142773392      0.000126599033206     0.0010856879990238    5.9123471718436e-06    0.00011811618459223     0.0012214159755759    0.00052333758351342                      0                      0                      0    0.00023984427930079     0.0011274897866134    3.6984832041842e-05    0.00034906492432984    8.6294970014222e-07    2.9535255367197e-05    5.7200428712711e-05    2.7419914544691e-05            972.0234375             27.9765625                      0         10.81201171875                      0          2.16259765625          0.75244140625                      0                      0          0.05810546875          0.01416015625                      0                      0        159.58837890625          0.10595703125        852739.49853516        21618.180175781
                      0                     19                   2048                   1000     0.0065275956406285    7.6297235831468e-05    0.00013319075879314                      0     0.0012983359248122     0.0045091335371139    0.00014647245655075    9.6799528316094e-05    0.00012527100245396    9.4808033205052e-05    1.3057932133353e-05    5.7863227533872e-06     3.033203466174e-09    2.6117163609563e-05    3.9950675212452e-08    3.9425305242702e-08    5.1791020361236e-08                      0   -8.3052875812228e-06    -0.0001661792524339    6.5948730476606e-08    4.0898943343137e-08    1.2421435213739e-07    2.3160638296105e-08    3.3205076022114e-08    2.0605517292438e-10    1.9531043449206e-11    1.3678269628059e-07                      0                      0                      0    0.00031049443311604     0.0015307802895648    0.00010132938329743    0.00089719409082223    6.3566298922346e-06    0.00012076316162224     0.0010662645590864    0.00033476331396187                      0                      0                      0    0.00017529488134205    0.00056805658497172    5.7852285151316e-05     0.0003329552275364    8.3119531790743e-07    2.4444795405199e-05    6.2174343264054e-05    1.7176008284991e-05        974.66455078125         25.33544921875                      0           9.4873046875                      0           2.2626953125          0.79345703125                      0                      0          0.05419921875          0.01318359375                      0                      0        148.24462890625          0.14013671875        860831.14501953        18487.997558594
                      0                   19.5                   2048                   1000     0.0027341162319514    2.8457701162221e-05     0.0001211365209981                      0    0.00044114455859656      0.001951241788086    4.6446740238792e-05    2.0163128897632e-05    6.6140213871968e-05    4.3100285633368e-05    2.9830122043606e-06    4.5561708983399e-06    4.6523433994139e-09    6.3175971729557e-06    1.0435595854119e-07    3.6716298890127e-08    5.8604469721502e-08                      0   -8.0161127913314e-06    -4.660191650574e-05    5.7183106250136e-08    3.6180193951907e-08    4.8886715120489e-08    2.3251956360326e-08    3.2087405621439e-08    1.9580070897973e-10    1.4648282586904e-11    1.1492724460993e-07                      0                      0                      0    4.9157248061427e-05    0.00041026031448332    4.5502678707621e-05    0.00030801442576989      3.99929247763e-06    7.6185987797128e-05    0.00085010953563636    9.5273155764186e-05                      0                      0                      0    3.5369267583629e-05    0.00015115435107305    2.5022061041824e-05    0.00010760966406842    9.7352489980551e-07    1.8171244625886e-05    6.5145692869528e-05    1.6528730462095e-05        966.67919921875         33.32080078125                      0          12.8447265625                      0           2.7373046875               0.953125                      0                      0            0.064453125          0.01416015625                      0                      0        186.00244140625            0.091796875        870957.14941406        15676.562988281
                      0                     20                   2048                   1000     0.0023323347343687    3.6967835465251e-05    0.00013479073095812                      0    0.00038152130859626     0.0015746717431622    5.0219771485782e-05    3.3613510256547e-05    7.3294430175341e-05    2.8845410644074e-05    1.9269711857284e-06    3.1605190433659e-06    3.5175782286956e-09    9.2216875091644e-06    3.7546873610239e-08    3.7019543430716e-08    5.0183099009615e-08                      0   -1.0869714345496e-05   -5.2809665041842e-05    5.7709474088341e-08    3.5356922278851e-08    7.2339844781055e-08    2.1665049754205e-08    3.2829589713401e-08    4.2529313404316e-10    1.9531487538416e-11    9.8137673543164e-08                      0                      0                      0     2.700233397146e-05     0.0003211241215868    4.5534378432244e-05    0.00025637590136274    3.7759946400762e-06    7.0813427746508e-05    0.00072413242332603    0.00010759394189686                      0                      0                      0    1.1581127443261e-05    0.00012715836620902    2.3952515627812e-05    0.00010446869580027    6.9751757925118e-07     2.068509080777e-05    6.6189902846681e-05    2.2194081537918e-05             971.015625              28.984375                      0          10.7548828125                      0           5.9892578125          2.10205078125                      0                      0            0.138671875           0.0322265625                      0                      0            178.4296875              0.1484375        867507.08251953        16056.791992188
