                my_rank                   Time                N_steps             N_real_loc            Total                  PP_single              PP_cluster             PP_cross               Tree_NB                Tree_Force             Force_corr             Kick                   FindCluster            CreateGroup            MPI_comm               Output                 Status                 Other              Bar_Total              Bar_PP_single          Bar_PP_cluster         Bar_PP_cross           Bar_Tree_NB            Bar_Tree_Force         Bar_Force_corr         Bar_Kick               Bar_FindCluster        Bar_CreateGroup        Bar_MPI_comm           Bar_Output             Bar_Status             Bar_Other                  Sample_ptcl            Domain_deco            Ex_ptcl                SetRootCell            Make_LT                Make_LET               Make_GT                Make_Group             Make_I_list            Calc_force             Write_back             Sample_ptcl            Domain_deco            Ex_ptcl                SetRootCell            Make_LT                Make_LET               Make_GT                Make_Group             Make_I_list            Calc_force             Write_back             PP_single              PP_cluster             PP_cross               Cluster                Cross                  AR_step_sum            AR_tsyn_sum            Stab_Ngroup            Iso_Ngroup             Form_Ngroup            End_Ngroup             Modf_Ngroup            Merg_Ngroup            H4_step_sum            H4_no_NB               Ep-Ep_sum              Ep-Sp_sum  
                      0                    0.5                   2048                   1000     0.0036396167529209    3.8695236812547e-05    7.9753697275198e-05                      0     0.0008104958256725     0.0024732245219554    7.4124485813343e-05    2.9246906724012e-05    6.0410101561548e-05    5.5269094242583e-05      5.09502831747e-06    3.3532338865605e-06    3.8403320523628e-09    8.1825902888966e-06    3.6703132533233e-08    3.8990214168422e-08    4.5863275843772e-08                      0   -1.9310852563681e-05   -9.4269991716356e-05    6.3650376969093e-08     3.627047684418e-08    7.7991693103741e-08    2.7169924088355e-08    3.2841799058048e-08    5.4296878104765e-10    1.4648282586904e-11    1.2987791819796e-07                      0                      0                      0    9.5601653310684e-05    0.00056344052833568    6.1299634759759e-05    0.00044672744872187    3.9761127950122e-06    8.9412894014984e-05    0.00095435798927745    0.00019038295506313                      0                      0                      0    4.2980190928965e-05    0.00031988349316725    4.5905979970673e-05    0.00023133393944841    8.6202588045481e-07    2.7330954587068e-05    7.0808206049655e-05    3.9164451666629e-05            989.2109375             10.7890625                      0           5.2958984375                      0                  0.375           0.1337890625                      0                      0          0.01220703125           0.0029296875                      0                      0         60.30224609375           0.0126953125        893700.13867188        19694.505371094
                      0                      1                   2048                   1000     0.0030713311752919    3.7317614268062e-05    6.9753698236585e-05                      0    0.00057458841454405     0.0022317608838018    5.1904539547287e-05    2.6244731438307e-05    3.3220851565652e-05    2.9986353023315e-05    3.0487817426206e-06     4.500033691901e-06    4.6083985516532e-09    5.8117143626468e-06    3.5563972655694e-08    7.6034658125224e-08    4.4413105193541e-08                      0   -8.1002710139444e-06   -7.0877494619204e-05    6.0353040343131e-08     6.888916503911e-08    7.8398921132816e-08    2.1923340476349e-08    3.2388181026022e-08    3.3300784352264e-10    1.9531043449206e-11    1.5199267355825e-07                      0                      0                      0    0.00010845557420103    0.00044585872852076    4.8274810531268e-05    0.00034199500925558    3.5382143610541e-06     9.227807763601e-05    0.00087293927195287    0.00014363763477698                      0                      0                      0    5.3151182611177e-05    0.00019402671191537    2.2307788578591e-05     0.0001529904765647    7.6494287259976e-07    2.2593747562194e-05    4.8113505862979e-05    1.6633142107647e-05          988.955078125           11.044921875                      0          5.45361328125                      0          0.39990234375          0.13916015625                      0                      0           0.0087890625          0.00244140625                      0                      0          60.4365234375          0.01123046875             896545.375        18061.332519531
                      0                    1.5                   2048                   1000     0.0024579859755796    2.2781197761557e-05    5.8129009268715e-05                      0    0.00043226957812559     0.0018172489062707    3.3763505365325e-05    1.4786770023978e-05    3.5644171875404e-05    2.9208922847079e-05    2.3288149404443e-06     4.586474609436e-06     3.385253855015e-09    5.0806406250992e-06    3.5351077176671e-08     3.647900204129e-08    5.1748048068845e-08                      0   -4.4674716805915e-06   -4.6814481423851e-05    5.5829083578374e-08    3.5347658133844e-08    7.5613274752584e-08    2.1655262916198e-08    3.2415520934137e-08    1.8115198230362e-10    2.4413804311507e-11    1.1655176335168e-07                      0                      0                      0    5.8540006349972e-05    0.00029971558836817    4.7539864743484e-05    0.00029349952538293    5.5323427710086e-06    7.5487453591983e-05    0.00075530793945955    9.5209562991805e-05                      0                      0                      0    3.8061185554383e-05    0.00014064556737781    2.0072966312679e-05    0.00011263728906696    6.6609620308355e-07    1.3807752444528e-05    4.4255492181122e-05     9.475896968425e-06         987.9345703125          12.0654296875                      0           5.9755859375                      0                      0                      0                      0                      0                      0                      0                      0                      0         64.92333984375                      0        897385.62353516         17313.51953125
                      0                      2                   2048                   1000     0.0024276191015566     2.202019923514e-05    5.6862697259685e-05                      0    0.00039618853173584     0.0017932110493142    4.4192189946557e-05    2.8816368658813e-05    3.3651471182505e-05    3.8251230458641e-05    1.7305224679909e-06    4.6877236328235e-06    3.3217775197159e-09    5.9393818245823e-06    5.7631834415872e-08    3.6278811510471e-08    4.2748533157777e-08                      0   -7.2233647436803e-06   -5.2314031699474e-05    5.4507834690298e-08    3.4135747117858e-08    6.4744626548929e-08    2.2143563871424e-08    3.2004903616212e-08    2.3974600082965e-10    1.9531043449206e-11     2.878418094987e-07                      0                      0                      0    3.7829246083199e-05    0.00037889990625084    3.6511229499769e-05    0.00025235125879286    5.6952690297152e-06    8.5859707530833e-05    0.00079072381345968     0.0001089269589496                      0                      0                      0    1.7617107903156e-05    0.00013493241358287    2.1088473632247e-05    0.00010491423631942    6.5905176516168e-07    1.6033205095134e-05    5.2053733884172e-05    1.4830213378225e-05         987.3017578125          12.6982421875                      0          6.25244140625                      0          0.45263671875          0.14697265625                      0                      0            0.013671875          0.00341796875                      0                      0         67.33056640625               0.015625        892730.67480469        18318.963378906
                      0                    2.5                   2048                   1000      0.002990654511231    2.3686740722617e-05    6.4763639171961e-05                      0    0.00051374049072805     0.0022169524912141    4.3155305656128e-05    2.6415226569654e-05    3.9108438483648e-05    4.4929256833637e-05    1.7651865418244e-06    6.5222089844497e-06     3.717773644496e-09    7.8786162100997e-06    3.4968272721869e-08    3.6463875918713e-08    4.2905268227145e-08                      0    -6.398466791957e-06   -5.8610336432618e-05    1.6471434660659e-07    3.4582002594874e-08    7.6905281254369e-08    2.0634268071973e-08    3.2268556715565e-08    2.6904256600346e-10    1.9531487538416e-11    1.6854249906828e-07                      0                      0                      0    9.0865913567217e-05    0.00041469077197664    4.3660516598099e-05    0.00037521848193656    5.1461879952974e-06    9.4465695795076e-05    0.00088302947069963    0.00011883160986947                      0                      0                      0    3.4318626950025e-05    0.00017394047118913    2.3767853031931e-05    0.00014226695947528    6.8762940275136e-07    1.4115532716019e-05     4.762832178562e-05    1.3185879395916e-05         986.4775390625          13.5224609375                      0          6.66748046875                      0           0.3603515625          0.12548828125                      0                      0          0.00732421875            0.001953125                      0                      0           73.123046875           0.0107421875        894463.16113281        18702.122558594
                      0                      3                   2048                   1000     0.0027178140966755    2.0349418937471e-05    6.6314465807515e-05                      0    0.00049954623975079     0.0020226755151329    3.6709460937256e-05    1.2509650873849e-05    2.5742474118573e-05    2.0544493160912e-05    2.3905829946713e-06    4.6557148438708e-06    4.9165040927335e-09    4.4395361178395e-06    5.0458987210789e-08    5.2818846185687e-08    4.1893544189264e-08                      0   -5.3217338700229e-06    -4.867877440784e-05    5.5224610218119e-08    3.3746577088323e-08    6.7870111308821e-08    2.1191891796946e-08    3.2008297345953e-08    1.4697310035672e-10    2.0019541580041e-11    1.1632667229478e-07                      0                      0                      0    7.5233135740316e-05    0.00035922757325535    4.2748791512892e-05    0.00034189262206441    3.1400234399293e-06    7.3865001465556e-05    0.00080350598339729    9.8946604971228e-05                      0                      0                      0    2.7080529293677e-05    0.00016267279053928    2.7600814457074e-05    0.00011791844822895    7.1910644239281e-07    2.0753356447578e-05     4.469602686008e-05    1.1075537588834e-05         986.9873046875          13.0126953125                      0            6.416015625                      0            0.072265625             0.02734375                      0                      0           0.0029296875          0.00146484375                      0                      0         66.51904296875           0.0029296875        904324.34814453        17083.888671875
                      0                    3.5                   2048                   1000     0.0028832592641739    2.1161966797134e-05    6.7241123532291e-05                      0    0.00050135012988495     0.0021728013383737    3.0512812983385e-05    1.4914670400046e-05     3.550938037522e-05    2.4730893555702e-05    2.4005331913379e-06    5.6262041017163e-06    4.5053711872356e-09    4.5283481795444e-06    4.5667484904754e-08    3.6177721707276e-08    4.3297836871403e-08                      0   -6.5431699187712e-06   -4.6350161617692e-05    5.4160196771846e-08      3.43144610504e-08    8.6686036127048e-08    3.2136727945442e-08    3.2162101870625e-08    2.5488278154739e-10    1.4648726676114e-11    1.2022606643569e-07                      0                      0                      0    8.3196645503936e-05    0.00043135292431629     3.667106591676e-05    0.00035903529738679    3.1859511815391e-06    9.3419793942395e-05    0.00082720727148056    9.4256871567389e-05                      0                      0                      0    3.9933158210825e-05    0.00014905685986211    2.5850524405069e-05    0.00012049258545099    6.8916064188684e-07    2.1150213863397e-05    5.1582009765738e-05     1.350192577787e-05         986.3798828125          13.6201171875                      0           6.6279296875                      0          0.06787109375          0.02783203125                      0                      0          0.00244140625          0.00146484375                      0                      0            74.06640625            0.005859375         908580.6640625        15541.056152344
                      0                      4                   2048                   1000     0.0029118571040136    2.4759226072923e-05    6.8613808106299e-05                      0    0.00049262856591303      0.002188422611344    4.2309361815818e-05    2.0705853026382e-05    3.0829168458535e-05    3.0006169921659e-05    2.2282348650648e-06    4.7226630859321e-06    4.2709960013099e-09    4.3714248132432e-06     3.471972531699e-08    4.9664553358753e-08    4.3812514505248e-08                      0   -4.9309843794809e-06    -5.393315963742e-05     1.145576322692e-07    3.5382303309461e-08    7.1314455674099e-08    2.2391111631492e-08    3.2429203322693e-08    1.9580070897973e-10    2.0019541580041e-11    1.3707715273981e-07                      0                      0                      0    9.7704406722077e-05    0.00041598186327851    3.2984793472579e-05    0.00034392074854495    3.5254009023156e-06    8.5636109366405e-05    0.00092464003613024    0.00010952583885171                      0                      0                      0    4.4991043939291e-05    0.00015033180420376    2.3921368655699e-05    0.00012779058642476    6.6642187812604e-07    1.7289036132961e-05    6.1347187497063e-05    1.0318295898593e-05         986.8662109375          13.1337890625                      0          6.49853515625                      0           0.0693359375          0.02392578125                      0                      0          0.00244140625          0.00048828125                      0                      0          70.0263671875           0.0029296875        913727.49804688        14882.263671875
                      0                    4.5                   2048                   1000     0.0020749292426814    2.5619134276234e-05    6.2260622074373e-05                      0    0.00035759397461899     0.0015350081078926    2.0383263183543e-05    1.1012033200419e-05    3.0412068373398e-05    2.1544483889357e-05     1.364634762524e-06    4.6609721682245e-06    4.2368162311845e-09    3.4094770375859e-06    3.4139644444764e-08    3.6879401754675e-08    4.2710446290783e-08                      0   -6.1297695306273e-06   -3.5318296409237e-05    5.3833995483643e-08    3.3742673100079e-08    6.0975604565527e-08    2.1008781825316e-08    3.2227521096218e-08    2.0068346984203e-10    1.4648282586904e-11    1.0394336058539e-07                      0                      0                      0    2.3157198731028e-05    0.00026118574461886    3.3107231931062e-05     0.0002139379360302    4.5826308499031e-06    6.2912189455311e-05    0.00079807514500674    7.2263261728711e-05                      0                      0                      0     6.800684082986e-06    0.00010509784228896    2.1879682127413e-05    8.7860565426201e-05    4.5464208753287e-07    2.2381028328855e-05    8.2423096179784e-05    1.2659293947781e-05         986.9345703125          13.0654296875                      0          6.48291015625                      0            0.048828125           0.0166015625                      0                      0            0.001953125           0.0009765625                      0                      0         67.16162109375            0.001953125        941356.41015625        9178.1040039062
                      0                      5                   2048                   1000     0.0021829570649352    2.9217637208756e-05    6.9288838372206e-05                      0    0.00039080282520221     0.0015320211025394    4.1716962892568e-05    2.8719280279255e-05    3.8882497564785e-05    3.2587439938059e-05    6.1841596665779e-06     4.797744629137e-06    3.8793945833504e-09    7.0741020601339e-06    3.4586426611583e-08    4.7052227447608e-08    4.4287590039715e-08                      0   -1.0014092759913e-05   -6.1499647467933e-05    5.7796869956661e-08    3.5866686953767e-08    5.8920422763009e-08    2.2711913238993e-08    3.2710443687023e-08    3.0761748703867e-10    1.9531487538416e-11    1.0296778629737e-07                      0                      0                      0    2.0643090336225e-05    0.00031210783301061    3.5021855957051e-05    0.00018881144433847    2.7880068231845e-06    6.6155142090629e-05    0.00079501800781978    0.00012452776515426                      0                      0                      0    1.5261205073003e-05    0.00012816205468758    2.4378608388442e-05    9.2945317864856e-05    4.8856885292992e-07    2.4764428709911e-05    8.4988498529892e-05    2.0404599607282e-05         985.2607421875          14.7392578125                      0          7.31494140625                      0           0.0869140625          0.03271484375                      0                      0           0.0048828125          0.00146484375                      0                      0         79.35205078125            0.005859375        954813.31054688           7077.6796875
                      0                    5.5                   2048                   1000     0.0021423811572214    2.2687068848448e-05     7.030954590137e-05                      0    0.00033141609277676     0.0015888473886716    3.8844520503734e-05    2.3114897941934e-05    3.4435833982549e-05    2.0561991700863e-05    1.9372656256955e-06    3.0640761718992e-06    3.7128908836337e-09    5.4353652330086e-06    3.5142583509895e-08    3.6281264215177e-08    4.4247543407039e-08                      0   -5.0263012636442e-06   -4.0126936074802e-05    6.1822754027219e-08    3.5609390103275e-08    5.6291013184051e-08    2.0878903939092e-08    3.2084473744476e-08     1.708988506266e-10    1.4648282586904e-11    9.6172868335742e-08                      0                      0                      0    2.2981372084452e-05    0.00033127313476333    3.1703026852181e-05    0.00031944636328651    6.7221850423849e-06    7.7619677216312e-05    0.00070702558156155     8.172448879451e-05                      0                      0                      0    9.2187504758812e-06     0.0001145992783278    2.4635208973223e-05    8.5751888660557e-05     4.035375948952e-07    1.9676155760706e-05    6.4756047858161e-05    1.0477218259641e-05         985.9267578125          14.0732421875                      0          6.98876953125                      0            0.205078125           0.0595703125                      0                      0             0.00390625           0.0009765625                      0                      0             72.8359375             0.00390625        957088.41210938        6396.8193359375
                      0                      6                   2048                   1000     0.0017371908764416     1.589599413343e-05     5.093442969617e-05                      0    0.00027560032371943     0.0012754342670931     2.425512644999e-05    1.1910984366814e-05    2.4011528322987e-05    4.8446650389611e-05    1.2824438400116e-06    4.0394257814214e-06    3.0429685438094e-09    3.6304111508123e-06    3.3899403728554e-08    3.5432618172848e-08    4.2195289484681e-08                      0   -2.6622964028888e-06   -2.9552511238595e-05    5.2442856279811e-08    3.4383301983354e-08    6.2566895220328e-08    2.1470234035093e-08    4.8881331871087e-08    1.5625012395049e-10    1.4648726676114e-11    1.0695605734412e-07                      0                      0                      0    2.0355026856489e-05    0.00037281136133327    3.1124410654115e-05    0.00017812081445268    2.4543349654849e-06    5.7849826649914e-05     0.0005419377524758    6.0397036147464e-05                      0                      0                      0    4.9748286028439e-06    9.4715462892303e-05     1.627556152739e-05     7.086720556515e-05    4.3450243847332e-07    2.2435207523319e-05    5.2700567382491e-05    5.8047124062988e-06         987.6923828125          12.3076171875                      0          6.09228515625                      0          0.12353515625          0.03369140625                      0                      0            0.001953125          0.00048828125                      0                      0          65.7529296875             0.00390625        956890.41162109          6193.98046875
                      0                    6.5                   2048                   1000      0.001369131973632    1.8771108893478e-05    5.0125639660337e-05                      0    0.00024927485889004    0.00095853749366315    1.7614308106761e-05    1.6386372075239e-05    2.4761261725459e-05    1.9648723146748e-05    5.9331289001818e-06    3.2429023435476e-06    3.4829104045286e-09    3.0935332078208e-06    3.3621103234793e-08    5.1455083749374e-08    4.3013674400072e-08                      0   -3.2111132814983e-06   -1.9904305652574e-05    6.7714336360325e-08    3.4449218144772e-08     5.431103256015e-08    2.0973144998493e-08    3.2047856812767e-08    2.1484414247652e-10    1.9531043449206e-11      9.81010876977e-08                      0                      0                      0    1.3712800300603e-05    0.00020382315526568    2.5970666506225e-05    0.00015830698827735     2.530488284691e-06    5.6817765617723e-05    0.00043497130713233    4.1349638186805e-05                      0                      0                      0    6.8971386824046e-06    8.6008840321394e-05    1.4628524407367e-05    7.4536147939508e-05    4.0683447366519e-07    1.9961091793697e-05    3.6666704096078e-05    6.8629252969465e-06          987.181640625           12.818359375                      0          6.34912109375                      0           0.0595703125              0.0234375                      0                      0             0.00390625          0.00146484375                      0                      0         65.75048828125             0.00390625          963960.421875        3640.1064453125
                      0                      7                   2048                   1000     0.0017409455869211    1.9550433097315e-05    6.2922915516683e-05                      0    0.00035291266747928     0.0011620674619075    1.3343842307556e-05    1.5997854985184e-05    5.5050452644867e-05    4.4783459947517e-05    2.5498217750552e-06    4.2847817383063e-06    3.2285156770229e-09    5.7957246037965e-06    3.3628423601328e-08    3.6059582431136e-08    4.3760755463751e-08                      0   -5.9713124938021e-06    -1.775743700394e-05    5.1550276491952e-08    5.7496089223008e-08    5.4154308593013e-08    2.1442378983494e-08    3.2083983469988e-08    1.4208989540521e-10    1.4648726676114e-11    8.3131362238476e-08                      0                      0                      0    1.9703794441828e-05    0.00031732458887879      3.19267617237e-05    0.00022122801904523    4.5250166000876e-06    5.8948678212989e-05    0.00044503470751778    3.6776323228072e-05                      0                      0                      0    4.3417700248405e-06    0.00010500126561563    1.9571249024963e-05    0.00013266358789865    5.9799608820299e-07    2.9300056645809e-05    4.5254403321149e-05    1.2326962402831e-05         986.4189453125          13.5810546875                      0             6.74609375                      0          0.26513671875          0.08447265625                      0                      0          0.00634765625            0.001953125                      0                      0         76.76220703125          0.00732421875        961704.39306641        3830.9643554688
                      0                    7.5                   2048                   1000     0.0012999478764613    1.5895754387873e-05    5.3061244131847e-05                      0    0.00027667458935632    0.00088282913329474    1.4658851558824e-05    8.0315771402439e-06    1.6913636709415e-05    2.2060124991174e-05    1.4072080145588e-06    3.4644116211346e-06    2.9350584185295e-09    3.0459712032638e-06    4.6024416278101e-08    3.6409182779806e-08    4.2042969994327e-08                      0   -1.9107412003727e-06   -1.0739275371652e-05    5.0250001493168e-08    3.3026855028595e-08    5.0898451231518e-08    2.0680180679022e-08    3.2618149514718e-08    2.2998047910505e-10    1.4648726676114e-11    8.1781744487586e-08                      0                      0                      0    9.0230654410384e-06    0.00018943144823291    2.6351652824719e-05    0.00014982768211391    2.2147182603405e-06    5.3780677235604e-05    0.00039767608300645    2.2698699206458e-05                      0                      0                      0    4.8869238278293e-06    0.00012202334129707    2.0317119135527e-05    6.2402829104968e-05     4.282768517605e-07    2.1287535163061e-05    3.2485510255587e-05    4.2613139563663e-06         985.5068359375          14.4931640625                      0           7.1513671875                      0            0.240234375           0.0966796875                      0                      0            0.005859375          0.00146484375                      0                      0          79.7685546875            0.005859375        961728.70898438        3891.5512695312
                      0                      8                   2048                   1000     0.0013516102036104    2.2780031255554e-05    5.5699262195841e-05                      0    0.00026025098291393    0.00093966541749291    1.1495702648467e-05    9.2649384781929e-06    2.2339113782799e-05    1.8411596196088e-05    1.3632392654728e-06    5.2551093747688e-06    3.8208010089136e-09    3.3351264652204e-06    3.3706046398407e-08    3.6353996257787e-08    4.1120598481825e-08                      0   -3.0623149380737e-06   -1.4928923798063e-05    6.6615232885425e-08    3.3479494732092e-08    4.8126480578503e-08    2.0572749281911e-08    3.2395519156125e-08    3.5742209192335e-10    1.4648282586904e-11    8.4842769698668e-08                      0                      0                      0    1.0948026358371e-05    0.00021213393750896      2.59343188449e-05    0.00017032557665164    2.5050097649526e-06    5.9187803245209e-05    0.00039612202685024    3.1117810539438e-05                      0                      0                      0      5.01602149372e-06     0.0001030074970747    1.4902269037442e-05    7.1263192391147e-05    4.1120068461353e-07    2.0014720697237e-05    3.4376303234218e-05    6.5447368160498e-06          988.287109375           11.712890625                      0          5.79248046875                      0                      0                      0                      0                      0                      0                      0                      0                      0          63.8681640625                      0        960765.05078125        5252.9384765625
                      0                    8.5                   2048                   1000     0.0013764332436499    1.3634332518553e-05    5.7344166008555e-05                      0    0.00026482995312893    0.00096168845847977    1.2213895018931e-05    6.4954848677523e-06     2.526756150445e-05    2.3698222660684e-05    1.5327592670644e-06    4.6445224608505e-06    4.0947263357793e-09    3.5177988193524e-06    3.3741702321066e-08    3.5706054557494e-08     4.350244653395e-08                      0   -3.9235942494997e-06   -2.0018783241316e-05    5.1568351810971e-08    3.3321275072495e-08    5.2767568980983e-08    4.3913086056335e-08    4.4875008597955e-08     1.469722121783e-10    1.5136780717739e-11    8.3637696324246e-08                      0                      0                      0    1.0179394525967e-05    0.00020497379491413    2.9023591295196e-05    0.00016724428564352    2.3854067530138e-06    6.2451393052498e-05    0.00041898707666954    4.1272230962619e-05                      0                      0                      0    6.4838920850185e-06    9.4812518069975e-05    1.6800514169191e-05    7.0907798351172e-05    3.9397899831428e-07    2.3904740733993e-05    3.9203740235472e-05    8.2284526508047e-06          985.865234375           14.134765625                      0          7.01708984375                      0           0.4150390625           0.1357421875                      0                      0            0.005859375          0.00146484375                      0                      0          79.0869140625            0.001953125        962342.33984375        7074.7456054688
                      0                      9                   2048                   1000     0.0018214861762664    1.6116089840867e-05      4.72000327294e-05                      0     0.0002900200776379     0.0013183525200073      4.54722905463e-05     1.991447020222e-05    2.6758328125265e-05    3.8462334949418e-05    5.2270952179967e-06    3.2861440426579e-06    3.8061522822375e-09    8.8477792945518e-06    3.3932612275578e-08    3.6738269759695e-08     4.144774878867e-08                      0   -3.4192251017195e-06   -3.9337362810254e-05    5.1323252314717e-08    3.3729479209654e-08    5.4315439701469e-08    2.1189927146281e-08    3.2529778870583e-08    1.6162138294362e-10    1.9531487538416e-11    9.2044426747151e-08                      0                      0                      0     4.930111864665e-05    0.00036416812401985    3.1108574709116e-05    0.00019812261669117    2.6721196322299e-06    7.6135356911866e-05    0.00053250223780177    8.0011858882401e-05                      0                      0                      0    4.8195527284633e-06    9.1805511237109e-05    1.6886249016856e-05    8.4759780759391e-05    4.1570800357604e-07    2.2013950693012e-05    4.9152568831978e-05    7.1999106441289e-06         989.1220703125          10.8779296875                      0           5.3623046875                      0           0.0791015625          0.03076171875                      0                      0           0.0048828125           0.0009765625                      0                      0               60.78125            0.005859375        970414.45068359        6547.3002929688
                      0                    9.5                   2048                   1000     0.0020780358828167    3.3572780762992e-05    6.1177891113484e-05                      0    0.00030860961718604       0.00153072785987    3.5877735372392e-05    2.0444728029645e-05    3.4558975594123e-05    2.4865746580449e-05    4.6408032128298e-06    4.8088520512302e-06    5.6943361137485e-09    1.6976026853133e-05    3.4160651640747e-08    3.6619139276439e-08     4.198340430861e-08                      0   -3.0650502873542e-06   -3.0093533694764e-05    5.2635233060983e-08    3.4036621521238e-08    5.6436521234104e-08    2.2071287464343e-08    3.2516597858745e-08    2.2998047910505e-10    1.4648282586904e-11    9.1275407676505e-08                      0                      0                      0    3.1044247561951e-05    0.00045573369482632     7.379582909639e-05    0.00028007485935877    2.1395405220836e-06    8.2952070320275e-05     0.0005257940185488     6.163232666756e-05                      0                      0                      0    1.2313620599613e-05    0.00010699254199054    2.1495353513146e-05    8.3806356446559e-05    3.9938721130284e-07    3.0093555177135e-05    3.9799266114304e-05    6.5018002808337e-06         989.0888671875          10.9111328125                      0          5.41748046875                      0            0.107421875           0.0439453125                      0                      0           0.0029296875           0.0009765625                      0                      0         59.51708984375            0.001953125        981405.14794922        3941.9619140625
                      0                     10                   2048                   1000     0.0014468571782165    1.4401847162393e-05    6.1171739258903e-05                      0    0.00027056840039075     0.0010303868569501    1.5121085465086e-05    9.2507539086739e-06     1.809999171476e-05    1.8100818841571e-05    1.1563623019128e-06    4.1112465818394e-06    3.9921874694926e-09    2.8056718872627e-06    4.3307623265321e-08    3.6765624322754e-08    4.3127925675179e-08                      0   -2.3655747214413e-06   -1.9651773406792e-05    5.9931650309153e-08     3.338720455659e-08    5.4738758858974e-08    3.0833504194305e-08    3.1631347319205e-08    1.5136736308818e-10    1.9531487538416e-11    8.3574694720312e-08                      0                      0                      0    1.9176446309555e-05    0.00022909024169815    3.3458640124717e-05    0.00019549281541931    2.0873007824385e-06    7.2971337402805e-05    0.00041200775194872     4.065765329786e-05                      0                      0                      0       7.5810473672e-06    0.00010135273436385    1.5441268070404e-05     7.731511669995e-05    3.9334180357287e-07     2.389627491084e-05      3.51327246082e-05    5.1005234458223e-06         985.5458984375          14.4541015625                      0            7.080078125                      0            0.505859375          0.17138671875                      0                      0          0.00927734375          0.00244140625                      0                      0         76.22021484375           0.0107421875        977571.24560547           5091.9921875
                      0                   10.5                   2048                   1000     0.0014766528047065     1.926089355031e-05    5.9613217756826e-05                      0    0.00026310220020598     0.0010434943461974    1.8814740737838e-05     1.134765869093e-05    2.6293506841579e-05    2.5762754389813e-05     1.188883794967e-06     3.313213867262e-06     3.414550864278e-09    2.7926201138229e-06    3.3957036293941e-08    5.4091794599032e-08    1.5373096884375e-07                      0   -7.0250888457579e-06   -2.3543329591202e-05    1.2706445273736e-07    3.4287109151876e-08    5.3348652606644e-08    2.2198734850321e-08    3.2391596516135e-08    1.8603518725513e-10    1.4648282586904e-11    9.6043935471357e-08                      0                      0                      0    1.7940653808779e-05    0.00024474764598148    3.0824272447383e-05    0.00018094514794109    2.7193647551549e-06    7.4446672856165e-05    0.00042897122020902    4.8357554692124e-05                      0                      0                      0    4.5018618157755e-06    8.6361192380036e-05    1.4886470219633e-05    7.5559503413203e-05    4.0016210745009e-07    2.3597520021124e-05    4.0696615726254e-05    1.4407652827675e-05          984.751953125           15.248046875                      0          7.49072265625                      0          0.27392578125          0.08642578125                      0                      0              0.0078125           0.0029296875                      0                      0          85.9169921875              0.0078125        960353.23925781        9627.7626953125
                      0                     11                   2048                   1000     0.0016742189536187    2.8381034674396e-05    6.2536711442629e-05                      0     0.0003186984912058     0.0011612797089842    2.1396435543775e-05    1.9602406746699e-05    3.0301487326856e-05    2.0460675782541e-05    1.5916464950472e-06    3.8147172851666e-06    3.8110350430998e-09    4.2947328990905e-06    3.3852531888812e-08    3.7728512758406e-08    4.1494617519788e-08                      0   -4.9609126113737e-06   -3.4227538086018e-05    5.4246085401388e-08    4.4323719361472e-08    5.4627905754501e-08    2.0791014243571e-08    3.2424329887704e-08    2.5439472750577e-10    1.4648726676114e-11    9.1662096135536e-08                      0                      0                      0    1.6833498046154e-05    0.00023036096193341     3.103826952211e-05    0.00018985514649206    3.7441792151149e-06    7.1427873058472e-05      0.000527631540026    6.9797524413495e-05                      0                      0                      0    1.1968601556944e-05    0.00011566428809218    1.7938661122319e-05    8.8175830565085e-05    4.0866602324385e-07    3.0764999507049e-05    4.3837507327726e-05    1.0407229985354e-05         986.5244140625          13.4755859375                      0           6.6240234375                      0          0.23193359375                0.09375                      0                      0            0.009765625          0.00244140625                      0                      0         72.65966796875          0.01220703125        952746.38769531        10158.375488281
                      0                   11.5                   2048                   1000     0.0020296696914075     3.643754101601e-05    6.4739080078979e-05                      0    0.00036658832178116     0.0013748797163133    4.5295421363001e-05    2.9267991705328e-05    4.4789923838717e-05    5.3953822260144e-05    9.5739794181426e-07    5.3706044922386e-06    3.1166993430531e-09    5.3637324168854e-06    5.3648915532278e-08    3.6428226213303e-08    4.3318838738315e-08                      0   -6.6723520499856e-06   -5.8136342749648e-05    6.5037605523344e-08     3.423095451538e-08    5.5064926396398e-08    2.9052246830474e-08     3.171729057172e-08    1.9531265493811e-10    2.0019541580041e-11    9.2707030052708e-08                      0                      0                      0    4.4658291985744e-05    0.00029360835057668    3.3413175282604e-05    0.00019461502294327    2.6345058601329e-06    6.7927463867079e-05    0.00064644747998566    0.00011824038327646                      0                      0                      0    1.8277169918868e-05    0.00014406563769676    2.4981345713382e-05    8.9905107917509e-05    4.2383348741737e-07     2.650191747966e-05    5.5935413579178e-05    1.3731769530789e-05          986.380859375           13.619140625                      0          6.72607421875                      0           0.0986328125          0.03466796875                      0                      0          0.00439453125           0.0009765625                      0                      0          75.0537109375           0.0048828125        948524.54833984           9213.5546875
                      0                     12                   2048                   1000     0.0020397758852386    2.3664891613429e-05    6.0131658681684e-05                      0    0.00035337068163388     0.0014908551928814    3.0300532250838e-05    1.5896025394646e-05     2.890246482723e-05    2.2482686037772e-05    1.6827319369028e-06    4.6867055663036e-06    3.7861327406574e-09    5.6653213014179e-06    3.3912111341294e-08    3.6005856074439e-08    9.3857924543528e-08                      0   -5.5784252892543e-06   -5.2704854472729e-05     1.059873109277e-07    6.2206535478282e-08    8.0591315843037e-08     2.120360775848e-08    3.2203629540817e-08    2.3974555674044e-10    1.4648282586904e-11    9.5468755567651e-08                      0                      0                      0     1.556978760453e-05    0.00033558179686199    3.9081354005877e-05    0.00021886426660123    4.5210424777231e-06    6.8610394045709e-05    0.00069678111621352     0.0001068632338832                      0                      0                      0    1.1774488759997e-05     0.0001359836801762    2.4885982916167e-05     8.587823096029e-05    4.2765869778805e-07    1.9954536619959e-05    6.1747405277313e-05    1.1522998042413e-05               985.4375                14.5625                      0                7.15625                      0           0.1181640625            0.037109375                      0                      0           0.0068359375            0.001953125                      0                      0         81.13916015625           0.0087890625        944060.59033203        8445.2177734375
                      0                   12.5                   2048                   1000     0.0021796321435552    3.7280082533897e-05    6.3572453618654e-05                      0    0.00038240321388061     0.0015213729746102     4.625390332702e-05     3.396789989818e-05    5.1096830068875e-05    2.4273649413153e-05    6.3055473655815e-06     3.113173339564e-06    3.6445313433831e-09    8.3315532251049e-06     3.486621835691e-08    3.7231950855698e-08    5.7689451438137e-08                      0   -1.2209392067586e-05   -7.0673271481247e-05    5.7482398840847e-08    3.6568373218415e-08    5.4409186489579e-08    2.1208498957037e-08    3.2395512050698e-08    3.2812463857113e-10    1.9531043449206e-11    1.0743115863576e-07                      0                      0                      0    2.4675612286806e-05    0.00032201817089339    2.9299033713404e-05    0.00022670344824371    2.5106298995325e-06    6.1803181632847e-05    0.00073028589354829    0.00014271454834081                      0                      0                      0    1.0939514641706e-05    0.00013794515038112    2.5453608397008e-05    9.7098547352292e-05     4.161845734707e-07     1.987609572085e-05    7.2174838378292e-05    2.4785474119771e-05        985.26904296875         14.73095703125                      0           7.2490234375                      0           0.1240234375             0.03515625                      0                      0          0.00146484375          0.00048828125                      0                      0         79.90185546875           0.0009765625        948960.65039062        6908.5229492188
                      0                     13                   2048                   1000      0.002341014837886    3.0580410156134e-05    7.3871361324862e-05                      0    0.00040707378466864     0.0016245679179812    5.0970251459059e-05    3.3106457027809e-05    6.5043504412721e-05    3.0966997066617e-05    5.0267587905495e-06    4.5907353518615e-06    3.0234375003602e-09    1.3488359390745e-05    3.5392083042041e-08    3.7924306806048e-08    4.5130374992652e-08                      0   -1.3726930179203e-05   -6.3361329120326e-05    5.9748048286679e-08    3.6610848130891e-08    6.0143551472436e-08    2.2867192139842e-08    3.2553714834904e-08    1.5136736308818e-10    1.4648726676114e-11    1.0510009262887e-07                      0                      0                      0    2.8526062499701e-05    0.00036306003808839    5.3712737316136e-05    0.00024443404248231    2.4999062415709e-06    6.2070354016619e-05    0.00075026105955267    0.00012816511427483                      0                      0                      0    1.5285843756541e-05    0.00014003590478229     2.825704785403e-05    0.00010131765624388    4.9535057566885e-07    2.0891061036199e-05    7.9914208489296e-05    2.7838820312542e-05        984.57666015625         15.42333984375                      0          7.51025390625                      0          0.26416015625           0.0966796875                      0                      0          0.01220703125          0.00439453125                      0                      0         84.49072265625           0.0107421875        947233.39599609        6952.1791992188
                      0                   13.5                   2048                   1000     0.0024085612182545    2.6434207031301e-05    7.5020333492049e-05                      0    0.00039211245361948     0.0017159984003854    6.3163453104309e-05    2.6358205070576e-05    5.6916760237335e-05    3.7118139644132e-05    3.2897226569517e-06    3.5685439452315e-06    3.6005860515331e-09    6.3288188454358e-06    3.5128420616815e-08    3.6787091595158e-08    6.3837408692535e-08                      0    -1.137155126818e-05   -8.9423847667636e-05    5.7649397255943e-08    6.0433589244013e-08    5.5610834603925e-08    2.1971194641424e-08    3.2506339397997e-08    2.2460966420113e-10    1.4648726676114e-11     1.079521334546e-07                      0                      0                      0    5.5169149885348e-05     0.0003356064174791    4.2783789062639e-05    0.00026510507520427    2.3092153256243e-06     6.941611378064e-05    0.00081623956151589    0.00018030293946403                      0                      0                      0    1.9152778798492e-05    0.00014218446825565    1.9526558600269e-05     0.0001019799697306    4.2325977034352e-07    1.5124075686934e-05    8.1075228508531e-05    2.3139757817425e-05         985.7529296875          14.2470703125                      0          6.97314453125                      0               0.390625          0.12646484375                      0                      0            0.013671875          0.00439453125                      0                      0         79.80322265625           0.0244140625        947835.27978516        7359.3779296875
                      0                     14                   2048                   1000     0.0025220366626013    3.4190533201972e-05    6.2401707048299e-05                      0    0.00043992035156526     0.0017923926269465    6.1465959466211e-05    2.8448249506319e-05    4.7270033214364e-05    3.6837170407811e-05    6.0272319424293e-06    4.2287866213186e-06    3.5419924770963e-09    7.1653740176814e-06    6.3267097782926e-08     3.805175152749e-08    4.3844706087981e-08                      0   -1.0305860362436e-05   -7.1464612282579e-05     1.248159176015e-07    3.6903308853198e-08    5.7683121390539e-08    2.3796867587578e-08    3.2571280339511e-08    1.9140644624827e-10    1.9531043449206e-11    1.1384178222329e-07                      0                      0                      0    2.5421084476562e-05    0.00036256545752078     7.994609032913e-05     0.0002738621909284    2.6366186620663e-06    6.8557670410918e-05    0.00084987696141603     0.0001444926977352                      0                      0                      0    1.3679249014409e-05    0.00015288589794649    4.0288117685083e-05    0.00011792213427331    4.2866308769263e-07    1.6046825694449e-05    8.0881754874085e-05    2.0997827160585e-05         987.6064453125          12.3935546875                      0           6.1689453125                      0          0.27001953125          0.09423828125                      0                      0          0.01025390625           0.0029296875                      0                      0         67.62841796875             0.01171875        950441.19677734        6613.2783203125
                      0                   14.5                   2048                   1000     0.0023318389067488    2.8946724102141e-05    7.1778830083691e-05                      0    0.00041760988378847     0.0016384202524411    5.1633427251119e-05    4.2204771478538e-05    3.8420530279915e-05    3.1516636231466e-05    2.3277670924138e-06    4.4839438477773e-06    3.8159182480513e-09    2.8408056826912e-06    3.6432141747866e-08    3.6018557025841e-08    4.3915523662008e-08                      0    -9.688866681401e-06   -7.9373217781953e-05     7.925000344855e-08    3.6682612947203e-08    5.6939450043814e-08    2.2759262030547e-08     3.203858156553e-08     1.469722121783e-10    1.4648282586904e-11    1.0540478490029e-07                      0                      0                      0    2.9596343755767e-05    0.00033567007666546    4.1387325181219e-05    0.00024970844580352    2.4924872921162e-06    5.4938249990144e-05    0.00080681676174299    0.00016019459766659                      0                      0                      0    1.0584838385341e-05    0.00015866123388975    2.4003768551939e-05    0.00010531733007246    4.2581250436768e-07    1.9993145024877e-05    8.1260719241971e-05     1.975507420493e-05        986.20068359375         13.79931640625                      0           6.7275390625                      0          16.4345703125         16.21728515625                      0                      0           0.0107421875           0.0029296875                      0                      0         74.43701171875           0.0166015625          947134.984375        7476.1635742188
                      0                     15                   2048                   1000     0.0025713192031298    4.2823775893375e-05    7.3382403805944e-05                      0    0.00043109990674273       0.00184413578127    5.0579409177853e-05     2.912672949229e-05    5.1410200689439e-05    3.7185321284827e-05    1.4838818200857e-06    3.4196113283258e-06    2.7587891970882e-09    4.6047988289111e-06    3.5042492019244e-08    3.7570784261476e-08    4.4726550463281e-08                      0   -1.0071820801372e-05    -8.023784715494e-05    5.8257311863485e-08    3.5335452341911e-08    6.2057117222736e-08    2.3417977335072e-08    3.1842285697081e-08    2.4462876169196e-10    1.9531043449206e-11    1.1089794105246e-07                      0                      0                      0    3.1327214351506e-05    0.00038789436278197    4.3635113278651e-05    0.00026444953321247     2.297272958085e-06    7.0235216325099e-05    0.00091651218503586    0.00016196146290026                      0                      0                      0    1.9252485842003e-05    0.00015343905565413    2.7373721675161e-05    0.00011754920800522    4.2406299805009e-07    1.7197237301758e-05    8.5260390131126e-05    2.0537030273271e-05        986.12841796875         13.87158203125                      0          6.75341796875                      0          0.12646484375          0.04248046875                      0                      0           0.0048828125          0.00146484375                      0                      0         75.60595703125           0.0068359375        951059.16748047        6885.4487304688
                      0                   15.5                   2048                   1000     0.0019073501855424    1.8359249988276e-05    6.8865772449023e-05                      0    0.00032472196777888     0.0013827293042024    2.7201827648149e-05    1.6005583009182e-05    2.9130420412748e-05    2.3529887203555e-05    2.7935742017426e-06    5.2997866206717e-06    3.4194336251403e-09    6.8690107597469e-06    7.1548341029626e-08    5.4202640598078e-08    5.9627464299439e-08                      0   -6.7943427675132e-06   -3.9806933582298e-05    5.5124017794839e-08    3.5340823600905e-08    9.5647459286141e-08    3.6125976876633e-08    3.2084470635851e-08    2.1533219651815e-10    1.9531043449206e-11    1.0719678344984e-07                      0                      0                      0    1.5901784677474e-05     0.0002392156181501    3.0062480464998e-05    0.00017379089502789    2.3969374929322e-06    4.6359745626834e-05    0.00078717957517904    8.1079911140591e-05                      0                      0                      0     6.353309085938e-06    0.00010314606689343    1.8865626469022e-05    7.8556029784682e-05    5.0446093835532e-07    1.7098576666541e-05    8.3374816898907e-05    1.3972248044336e-05        982.25537109375         17.74462890625                      0          8.65869140625                      0           0.5263671875              0.1953125                      0                      0          0.01416015625             0.00390625                      0                      0         95.38427734375          0.02392578125        951317.76367188        6665.3588867188
                      0                     16                   2048                   1000     0.0018897832651397    2.0463104487778e-05    6.8759765146975e-05                      0    0.00030659676170686     0.0013863791528324    2.2976683110798e-05    1.7041696787956e-05    2.7398463366524e-05    2.7830884759883e-05    1.2512026366096e-06    3.3652929687378e-06    3.6298830607961e-09    5.9372421974402e-06    3.4142576321727e-08    3.6112801637955e-08    4.5317865460248e-08                      0   -5.0307124217497e-06   -3.0412405255031e-05    5.4656735581915e-08    3.5060053971137e-08    5.7306153600223e-08    2.2700197721548e-08    3.2077156042476e-08    2.0068302575282e-10    1.4648282586904e-11    1.1621583029253e-07                      0                      0                      0    2.0344681633588e-05     0.0002337455585848    3.1310006849861e-05    0.00018861337110199    2.6332700331366e-06    4.7310300784531e-05    0.00078752961718687    6.2732876943805e-05                      0                      0                      0    9.4249555666615e-06    9.5462023426585e-05    1.4272048826314e-05    8.3419520500172e-05    4.3989988718351e-07    1.8618196285569e-05    7.2737205570661e-05     1.045722998505e-05        983.24267578125         16.75732421875                      0           8.2041015625                      0          0.18310546875          0.06201171875                      0                      0          0.00244140625           0.0009765625                      0                      0          91.1142578125            0.013671875        949650.25488281         7075.001953125
                      0                   16.5                   2048                   1000     0.0018061958295923    1.9728119624141e-05    6.1449469729524e-05                      0    0.00031862147411532     0.0013133338867259    1.9054266107155e-05    1.1723661131668e-05    2.8472373045929e-05    2.3811486816516e-05    1.8712480471805e-06     3.026576171461e-06    3.4536133952656e-09    3.3669443508799e-06    5.3139678435343e-08    3.6020986193819e-08    4.3652341297218e-08                      0   -7.5725161217122e-06   -3.1143715318649e-05    5.3493167673224e-08      3.45776265398e-08    5.6252927649325e-08    2.2215814965421e-08    3.2124020776791e-08    4.2089842722248e-10    1.9531043449206e-11    1.0892821933339e-07                      0                      0                      0    1.2867924342075e-05     0.0002209647373177    3.1767677731942e-05    0.00017987640918138    2.4774604447941e-06    4.4944552255011e-05    0.00073281679542525    6.3690473147027e-05                      0                      0                      0    1.0953474610886e-05    0.00011160435595858    2.4299897949831e-05    7.0273927248454e-05    4.3847070640979e-07    1.3369845709654e-05     7.422086230191e-05    1.5542229005572e-05          984.630859375           15.369140625                      0            7.642578125                      0           0.1279296875          0.04443359375                      0                      0          0.00634765625            0.001953125                      0                      0         84.78955078125           0.0068359375        948538.48632812        6989.3857421875
                      0                     17                   2048                   1000     0.0018192313417869    2.3177035170185e-05    6.3632271981806e-05                      0    0.00031632498827028      0.001310197212903    2.6543478050201e-05    1.5917653328312e-05    3.1014371599802e-05    2.2792527837101e-05    9.3997752692587e-07    4.3309433594985e-06    3.2631835011898e-09    2.5094004088011e-06    5.5836912427054e-08    3.6613278187048e-08    6.4313466552335e-08                      0   -6.3998632957585e-06   -4.2483765100965e-05    5.5581069968724e-08    3.5696291256215e-08    5.4471184895988e-08    2.1114261894439e-08    3.1906730590947e-08    1.5624967986128e-10    1.4648726676114e-11    1.1131298016664e-07                      0                      0                      0    1.6161497075728e-05    0.00023894918114697    3.1407562492092e-05    0.00016745549170549    2.3336074059799e-06    5.1794855943754e-05    0.00070384593895723    8.6390132326475e-05                      0                      0                      0    5.4524389692112e-06    0.00010961225292982    1.8617471677196e-05    8.0187756833716e-05    4.6908642259424e-07    1.4183139170232e-05    6.9515076169147e-05    1.3193799317079e-05         983.6923828125          16.3076171875                      0          7.97802734375                      0          0.49365234375           0.1689453125                      0                      0           0.0126953125             0.00390625                      0                      0            87.17578125               0.015625        949177.80908203        6689.7587890625
                      0                   17.5                   2048                   1000     0.0024513527636563     3.857334668389e-05    7.1613149417171e-05                      0    0.00040505018555814     0.0017540242631844    6.4971402821801e-05    4.2361753895825e-05    3.1107489752991e-05    2.8018833984955e-05    4.4560781193859e-06    4.0628374020635e-06    5.3032227498306e-09    5.1793374060694e-06    3.4996580300373e-08    3.7339350722476e-08     8.124023587186e-08                      0   -4.5787455817958e-06   -7.7031894525348e-05    6.6044925972619e-08    3.6371089695564e-08    5.7484868420943e-08    2.1800790062088e-08    3.2655774973023e-08    4.1064485145625e-10    1.4648726676114e-11    1.0941892725214e-07                      0                      0                      0    3.6960613775783e-05    0.00032581388037078    4.0813013674867e-05    0.00026332275293717    2.4212382814248e-06    7.4500517082576e-05    0.00087522952687724    0.00015569767578372                      0                      0                      0     2.122631006829e-05    0.00015546503954633    2.1809861328492e-05     9.979587743203e-05    4.7448192885824e-07     1.800801318419e-05     8.519864843537e-05    9.5472983288047e-06                 984.75                  15.25                      0           7.4677734375                      0          0.29345703125             0.09765625                      0                      0          0.01611328125           0.0048828125                      0                      0         82.64404296875            0.017578125        948049.71337891         7279.439453125
                      0                     18                   2048                   1000     0.0023988130639623    2.3025224623385e-05    8.0790899918082e-05                      0    0.00038115673926109     0.0017428751913999    4.9858004381953e-05    2.5561047850342e-05    4.5361402340571e-05    3.5127083979791e-05    1.4808701225277e-06    6.1480908204459e-06    3.8647463007635e-09    4.2435434579602e-06    3.5084470439983e-08    4.4569826940233e-08    1.2321777198565e-07                      0   -5.1154721592006e-06   -7.9982319844962e-05    5.8022462390284e-08    5.7732417513279e-08     5.514844314547e-08    1.3700244316794e-07    3.1994133120605e-08    3.8622971487712e-10    1.4648282586904e-11     1.591303826487e-07                      0                      0                      0    3.9119746588323e-05    0.00037362889892067    3.9566291514248e-05    0.00023589387744405    2.7893374041632e-06    6.8042958991654e-05    0.00084867794335608    0.00016179064746735                      0                      0                      0    2.1065859865388e-05    0.00013940935938317    1.9412958502496e-05    0.00010952962451949    4.4196778059558e-07    1.6239229010395e-05       6.8379449222e-05    1.0603425783184e-05         983.0615234375          16.9384765625                      0            8.330078125                      0           0.2294921875          0.09228515625                      0                      0          0.00830078125            0.001953125                      0                      0           92.123046875           0.0126953125        939847.87451172        9201.4506835938
                      0                   18.5                   2048                   1000     0.0028131197695327    3.6860171878317e-05    8.6258842289855e-05                      0    0.00046850270215693     0.0019695771953083    8.9578241687427e-05    3.1303690422479e-05    7.0115258792747e-05    3.2769764167107e-05    5.6554770497819e-06    3.0824018555364e-06      5.17089837615e-09    1.7509410163541e-05    3.5757809602188e-08    3.7556636467428e-08    6.0576155647141e-08                      0    -1.706513573474e-05   -8.4039342292286e-05    6.6762207762139e-08    3.6507317613399e-08    1.0230369751341e-07    2.1990716358999e-08    3.2324690035779e-08    2.3486323996735e-10    1.9531487538416e-11    1.2210008160096e-07                      0                      0                      0     6.649512500756e-05    0.00044271104346683    6.3550056157435e-05    0.00032202730078268    2.4042846833439e-06    6.7014966804724e-05    0.00088766739989365    0.00016955806298791                      0                      0                      0    1.1110694329908e-05    0.00015124061230321     2.280631835383e-05    0.00013584584911497    4.6122509100854e-07    1.9780068373443e-05    9.7599893544853e-05    3.4574334475845e-05           983.31640625            16.68359375                      0            8.142578125                      0          0.16064453125          0.05419921875                      0                      0          0.00732421875            0.001953125                      0                      0         91.80517578125           0.0185546875        937938.28027344        9582.8232421875
                      0                     19                   2048                   1000     0.0023561759902337    4.1043914543071e-05    7.9261301261013e-05                      0    0.00035548616356884     0.0016835983657053    6.1098626935152e-05    4.6880054199949e-05     4.531885010195e-05    3.0720835929365e-05    1.4404804629109e-06    5.5795629880784e-06     3.385253855015e-09    3.8260136716595e-06    3.5004384280057e-08    3.6831540040083e-08    4.5775878643184e-08                      0    -5.349643553032e-06   -5.5462683097307e-05    5.5464352666235e-08    4.0473141726949e-08    6.1180654320481e-08    2.3004405047544e-08    3.1989740634231e-08    2.8369173676879e-10    1.4648726676114e-11    1.1256639842472e-07                      0                      0                      0    2.4171288082631e-05    0.00036200819824606    4.4324251952332e-05    0.00025844472314374    2.9680766555629e-06     5.140409080262e-05    0.00082580493752582    0.00011243667332428                      0                      0                      0      8.96610984924e-06    0.00012213810205131     1.688025976776e-05    9.3545476087087e-05    4.6942822073959e-07     1.470462646358e-05    8.1868428231768e-05    1.1131745604409e-05         984.2666015625          15.7333984375                      0          7.71533203125                      0             0.51953125            0.146484375                      0                      0            0.017578125          0.00439453125                      0                      0           87.849609375            0.021484375        938324.35644531        9082.0620117188
                      0                   19.5                   2048                   1000     0.0029169956332966    4.5271521496471e-05    8.4046489253975e-05                      0    0.00049959480712713     0.0020588948129663     7.160147119567e-05     3.857691066278e-05    4.7635040536065e-05    5.2333558600015e-05    4.2217250961762e-06    5.1870209962779e-06     5.826171545209e-09    7.6506157054013e-06    3.5511723783799e-08    3.9285645403453e-08     4.778809969963e-08                      0   -1.2861400870978e-05   -9.1265800793217e-05    6.1340816426281e-08    4.9542475455411e-08    6.9839342309308e-08    2.3389655545714e-08    3.2898415547322e-08    1.3671863641207e-10    1.4648282586904e-11    1.1273632827269e-07                      0                      0                      0    4.0285671372597e-05    0.00044022495068496    6.0408881829233e-05    0.00042629176466136    2.9506469734208e-06    6.8096101553561e-05    0.00088326899316193    0.00018418411522481                      0                      0                      0    1.0170086915284e-05    0.00018827891260109    2.9326116702144e-05     0.0001315418095591    4.9134815016671e-07    1.9896020019061e-05    8.8740697266498e-05    2.6155833005248e-05          984.376953125           15.623046875                      0           7.5986328125                      0          0.68994140625            0.212890625                      0                      0          0.01123046875          0.00244140625                      0                      0         85.57470703125            0.025390625        940500.52929688        8016.2299804688
                      0                     20                   2048                   1000     0.0026331794555787    3.7963232424776e-05    8.6825865724283e-05                      0    0.00046414056200961     0.0018679573759743    5.6532065438208e-05     3.080091698493e-05    4.5894177737704e-05    2.6945318352567e-05    2.0970034300127e-06    4.8252534181614e-06    3.7324219270829e-09    6.9966689428824e-06    3.6048335871897e-08    3.9029306009297e-08     4.885059246007e-08                      0   -1.0394865238794e-05   -7.5452658194308e-05    1.0353857593515e-07    3.7815920617135e-08    6.6569835421859e-08     2.288770151182e-08    3.2843240571623e-08    1.8115198230362e-10    1.4648282586904e-11    1.3030614853804e-07                      0                      0                      0    2.0308922354939e-05    0.00037459770801718    4.6983273438439e-05    0.00034340123634546    3.3760698179286e-06    7.1671621571845e-05    0.00086530204102386    0.00015258845750932                      0                      0                      0    7.4295107532762e-06    0.00016349564452867     2.921964893865e-05    0.00013042817284648    6.1997022005045e-07    2.0289228515491e-05    8.5989725089775e-05    2.1254288084194e-05        980.77294921875         19.22705078125                      0             9.45703125                      0          0.90380859375           0.2822265625                      0                      0          0.01904296875          0.00439453125                      0                      0        103.12744140625           0.0244140625        941826.01806641        8512.0825195312
                      0                   20.5                   2048                   1000     0.0025620108051747    2.6988748514256e-05    9.3545070800616e-05                      0    0.00042451462791959     0.0017922799365002    5.0757629892484e-05    3.1582432113542e-05     6.194663232062e-05    6.5866283208038e-05    1.2216772464768e-06    3.7173154296966e-06    4.9360351361827e-09    7.5450654311027e-06    5.9400398377818e-08    3.6668464264977e-08    4.7291980997954e-08                      0   -1.1460740240388e-05   -7.3048295444078e-05    6.6738769177732e-08    6.8592280744184e-08    6.0805687152055e-08    2.2826652568142e-08    3.1891117746596e-08     1.806643723512e-10    1.4648726676114e-11    1.1521240939061e-07                      0                      0                      0    2.4384551297718e-05    0.00033708400683397    4.5047050781122e-05    0.00026660843162407    5.6920586000153e-06    6.2901908679081e-05    0.00090785253468928    0.00014764341113871                      0                      0                      0    2.3614204086364e-05    0.00015278341748814    3.3676042971109e-05    0.00010648215527187    5.4270605831519e-07    1.4534547856382e-05    8.1342995114753e-05    2.3319027825153e-05        982.89697265625         17.10302734375                      0           8.3173828125                      0          0.28564453125           0.1064453125                      0                      0          0.01416015625           0.0048828125                      0                      0          93.0107421875          0.02001953125        943660.63330078        8202.9125976562
                      0                     21                   2048                   1000     0.0023192696528427    2.1249540522739e-05    8.5222440428634e-05                      0    0.00040713099511924     0.0016558827612347    5.0639349115755e-05    2.5150958973708e-05    3.3008044918237e-05    2.8137254879379e-05    1.8496337843565e-06    4.2346528323911e-06    3.3461913240274e-09    4.6915810574255e-06    3.5010732091223e-08    4.8464349866606e-08    4.6005871112698e-08                      0   -5.9998061456845e-06   -6.5892321756689e-05    5.6355963451438e-08     3.548827498534e-08    5.8684076265081e-08    2.2952638012441e-08    4.2389142418386e-08    2.5390622937493e-10    1.9531487538416e-11    1.6348828379975e-07                      0                      0                      0    2.7685145012946e-05    0.00029545600390302    3.8962802248133e-05    0.00025212573535427    2.3278613250355e-06    6.5418870119682e-05    0.00084081099267186     0.0001334943149276                      0                      0                      0    4.9687236485241e-06    0.00013234035498755    2.4469034180186e-05    0.00011072204882412    5.3654834131223e-07    2.0367029298196e-05    9.1552224130709e-05    1.2397673335496e-05        982.09521484375         17.90478515625                      0             8.75390625                      0             0.22265625          0.07666015625                      0                      0           0.0068359375            0.001953125                      0                      0            96.90234375           0.0087890625         943640.8046875           8527.7421875
                      0                   21.5                   2048                   1000     0.0020218107358301     1.926586818124e-05    6.8512900381457e-05                      0    0.00035560886523811     0.0014541841567355    2.8945837392325e-05    1.7526534171086e-05    3.3955219723047e-05    2.6487922852869e-05    7.2101933561441e-06    3.7436718751671e-06    6.7900391975684e-09    4.5296953246066e-06    3.4043949881379e-08      3.62187417835e-08    4.3697279128452e-08                      0    -6.199040035515e-06    -4.189955520717e-05    5.3861811455391e-08    3.5037096335344e-08     6.830812004921e-08    2.1584479092951e-08    3.2766112045834e-08    1.6162138294362e-10    1.4648282586904e-11    1.0156835861252e-07                      0                      0                      0     1.679841111546e-05    0.00030528250243878    3.1687309080652e-05    0.00019893886084832    4.4427387537738e-06     6.150321973708e-05    0.00073265400827394    8.5169914554317e-05                      0                      0                      0    2.0323134270583e-05     0.0001346232729551     1.356730127533e-05     8.911349266727e-05    4.2465185590146e-07    1.7483729977563e-05      7.34037216783e-05    1.2762241696329e-05        983.00634765625         16.99365234375                      0          8.34228515625                      0            0.330078125          0.11279296875                      0                      0          0.01220703125           0.0029296875                      0                      0         87.91259765625          0.02099609375        948102.98876953        8348.0502929688
                      0                     22                   2048                   1000     0.0023649573662126    5.2279747049244e-05    8.1801754866273e-05                      0    0.00037371229687277     0.0016208879540964    4.7625452643363e-05     5.662820214658e-05    6.3842226563082e-05    5.4392248050927e-05    2.5638564356001e-06     5.369588866877e-06    4.8085935233644e-09    4.0484687344744e-06    3.4655763148095e-08    3.8879381047963e-08    4.5627912115265e-08                      0   -1.2126388690081e-05   -6.4468861351141e-05    5.7593751545681e-08    3.7114762818646e-08     5.494533050765e-08    2.2391604570515e-08    3.2439463115708e-08     1.904294499866e-10    1.4648726676114e-11      1.05268056938e-07                      0                      0                      0    3.7219522006193e-05     0.0003892003471635    3.1061946792477e-05    0.00024205244677944    4.8140239208294e-06    6.5445280765797e-05    0.00073678931737842    0.00013051714698786                      0                      0                      0    9.7084858472485e-06    0.00014152933397682     1.498904345576e-05    9.9293785648324e-05    4.7088086585489e-07    1.8791618166425e-05    6.6856981933316e-05    2.4672608891052e-05        982.75341796875         17.24658203125                      0              8.3359375                      0          0.32470703125          0.10205078125                      0                      0          0.01123046875          0.00341796875                      0                      0          91.6748046875          0.02587890625        944398.74804688        10353.505371094
                      0                   22.5                   2048                   1000     0.0030024805610296    4.6397635747653e-05    0.00010344417771924                      0    0.00053265446044959     0.0020603452734438    9.7595516611371e-05    5.2057502447411e-05    5.2265859849854e-05    3.7901058106193e-05    2.0077358420245e-06    3.9066420898237e-06     3.478515697708e-09    1.2078131844895e-05    3.5315428803528e-08     3.884572219448e-08    4.7377413547878e-08                      0   -1.1118998523685e-05   -0.00010489132223857    6.2751943641359e-08    3.8235351773608e-08    7.3016133583792e-08    2.2138189947896e-08    3.2303721475557e-08     3.178710628049e-10    1.9531487538416e-11    1.7728171641807e-07                      0                      0                      0    3.9480285143778e-05     0.0004603402538792    5.6596308101842e-05    0.00035652784423101    4.5410703193305e-06     7.785255762105e-05    0.00089285196973599    0.00021200827002898                      0                      0                      0    1.8325146967424e-05    0.00021686051073244    2.3203603514155e-05    0.00014873192968246    4.9306933069815e-07    2.6548264639104e-05    8.5245515142329e-05    2.2671096670646e-05        979.34326171875         20.65673828125                      0          10.0185546875                      0                    0.5           0.1728515625                      0                      0              0.0078125          0.00244140625                      0                      0        107.51318359375           0.0419921875        946653.39404297        9942.3168945312
                      0                     23                   2048                   1000     0.0019049194189344    2.2736828623859e-05    7.6168407229904e-05                      0    0.00037789331884497     0.0013069435097539    2.6794695800803e-05    1.5324394039951e-05     3.158416941762e-05    3.1137107418644e-05    3.5801386712997e-06    4.4109238279688e-06    3.7280276643514e-09    6.2490839867202e-06    3.6087398402884e-08    4.9737294727237e-08    9.2271973173297e-08                      0   -6.6296440479618e-06   -3.5112500520906e-05    7.1427238790278e-08    3.5862313119139e-08    2.4872998860559e-07    2.4781255714146e-08    3.2816410033831e-08    4.1064485145625e-10    1.5136780717739e-11     1.091513759377e-07                      0                      0                      0    2.0009542971877e-05    0.00030066306397858    4.0575035646473e-05    0.00022538935301997    2.9438530328996e-06    7.5469776860793e-05    0.00055399386816157    7.2018848633171e-05                      0                      0                      0    8.9824360256507e-06    0.00014472349463235    2.1302493641073e-05    0.00010214797607189    5.1757862085111e-07    2.6247842771276e-05    5.6323229983501e-05    1.3823950196556e-05              980.90625               19.09375                      0          9.33837890625                      0              0.1171875           0.0283203125                      0                      0           0.0048828125          0.00146484375                      0                      0          98.7177734375          0.01220703125        957998.56494141        7068.8344726562
                      0                   23.5                   2048                   1000     0.0033785995112234    4.6113591310792e-05    0.00010243662206832                      0    0.00071967480517765     0.0022247570668856    8.5384681647316e-05    3.6908935533653e-05    6.2505077137676e-05    6.7669791016911e-05    6.2983540112249e-06    4.6971489258141e-06    7.2695311992277e-09    1.9081536129395e-05    4.1603995359907e-08    4.6333497927264e-08    1.1231787366839e-07                      0   -1.6076801749421e-05     -0.000108178803222    1.8201953810859e-07    5.4468259236273e-08    1.3960548317371e-07     3.383789737299e-08    3.3807622923376e-08    2.7880853181728e-10     3.417977012532e-11    1.2192627352192e-07                      0                      0                      0    5.0750630865348e-05    0.00058787900927459    0.00010376987403404    0.00042108500734139    3.5472592805341e-06    0.00011008186182071     0.0007726710004814    0.00021849197851154                      0                      0                      0    1.6627839357408e-05    0.00030771324950907    3.6477233884558e-05    0.00021362108348955    1.0671098569226e-06     3.823034375694e-05    7.6461164546515e-05    3.2789702633096e-05         980.7841796875          19.2158203125                      0          9.44384765625                      0            0.435546875          0.14794921875                      0                      0          0.00634765625          0.00146484375                      0                      0         99.76416015625          0.02001953125        969167.86132812        5773.0048828125
                      0                     24                   2048                   1000     0.0025557045356379    5.9045121096002e-05    0.00010224348242582                      0    0.00043758283691231     0.0017079857001931    4.9580327639465e-05    6.2893123047747e-05    5.3141465813145e-05    5.8994849124971e-05    3.9373447284774e-06    5.5673476562212e-06    3.2583007403275e-09    1.1729307629604e-05     3.632371825546e-08    3.9845220900503e-08    6.2163576952656e-08                      0   -1.0924920909261e-05   -6.2438320806546e-05    8.8639647177757e-08    3.7646478379116e-08    6.5808109628307e-08    2.5455076713143e-08    4.0917009780372e-08    1.9580115306894e-10    1.9531487538416e-11    1.0900879043874e-07                      0                      0                      0    4.4114280273622e-05    0.00042748938767323    4.6906042969308e-05    0.00029331339648797    3.2824912010732e-06    0.00010931491160449    0.00066847467383724    0.00012646992040954                      0                      0                      0    9.6855371061189e-06    0.00016159898973855    2.2487020014061e-05    0.00013543838232222    5.0979248644722e-07    3.8022083004741e-05    5.0711630374067e-05    2.2284225102087e-05         980.3447265625          19.6552734375                      0          9.62353515625                      0          0.09423828125                0.03125                      0                      0          0.00244140625          0.00048828125                      0                      0        102.37841796875           0.0087890625        975453.98144531        3930.9814453125
                      0                   24.5                   2048                   1000     0.0033989724204093    6.0662731423911e-05    9.9004425295313e-05                      0    0.00062566500439232     0.0022475684277277    0.00012377952586906    7.8662917958994e-05    8.5528701653015e-05    4.8144845217646e-05    7.3320537068433e-06    5.1212182619054e-06    3.4731444387148e-09    1.5529116698776e-05    3.6416033299957e-08    4.2292474411454e-08    5.4888189993108e-08                      0   -2.2722839365663e-05   -0.00012553478665689    8.1815436647759e-08    4.2470224226321e-08    7.2241709503373e-08    2.5592781227601e-08    3.4073241561572e-08    2.1533219651815e-10    1.4648282586904e-11    1.2789843761851e-07                      0                      0                      0     6.258101708756e-05    0.00055472346386409    6.7462982916489e-05    0.00048831745458022    5.4213832942906e-06    9.2325699210694e-05    0.00082097679883741    0.00025275980666306                      0                      0                      0    1.7012542973927e-05    0.00021688363525652    3.3778165523746e-05    0.00020046532959084    5.0826854547381e-07    3.4754662108671e-05    8.7976608399654e-05     4.597069629142e-05         980.5751953125          19.4248046875                      0          9.50634765625                      0          0.65380859375          0.21923828125                      0                      0           0.0126953125           0.0048828125                      0                      0        104.91845703125           0.0146484375          981226.953125         1223.220703125
                      0                     25                   2048                   1000     0.0037555425805631    3.3375664071578e-05    9.6190099604598e-05                      0    0.00067427080371285      0.002653523398445    0.00010035862597668    5.5233766600882e-05    6.2054844248927e-05    6.2704752937126e-05    2.4437143637535e-06    4.7026450196164e-06    5.3320312609628e-09    8.1089741232887e-06     3.549268168257e-08    3.8965810134073e-08    5.2497088898207e-08                      0   -1.3369304697086e-05    -0.0001180094565485    6.1302726450663e-08    3.7865247826119e-08    7.0966315934839e-08    2.4256829433966e-08     3.223778799466e-08     2.001949717112e-10    1.4648282586904e-11    1.2945166405487e-07                      0                      0                      0    4.1130674309997e-05    0.00045440964648824     5.428175342681e-05    0.00063440465916909    6.5489438423327e-06    8.7953135742502e-05     0.0011830502744146    0.00023827081055794                      0                      0                      0    1.1283628909453e-05    0.00027889807470105    2.7277510737278e-05    0.00015646620361531    4.5147315042016e-07     4.864091601231e-05    0.00012554355712879    2.7222931159088e-05          982.345703125           17.654296875                      0          8.72412109375                      0          0.09326171875                0.03125                      0                      0          0.00439453125           0.0009765625                      0                      0         95.83349609375          0.00537109375        983811.62548828        874.07470703125
                      0                   25.5                   2048                   1000     0.0016778757114291    1.7438608884923e-05    5.9875962885592e-05                      0     0.0002679038867166     0.0012376218320291    1.9000289547932e-05    1.2733698733669e-05    2.5545404303884e-05    2.6716120605563e-05    1.1601865232969e-06     3.128011230924e-06     3.918457114338e-09    4.7859355465363e-06    3.4861819653287e-08    3.6779303602685e-08    4.8670901531267e-08                      0   -2.9007871278353e-06    -2.435356592434e-05    5.2448259957316e-08    3.4160139161798e-08    8.3727537347755e-08    2.3159172357623e-08    3.1824704205263e-08    2.0068391393124e-10    1.4648726676114e-11     1.179531223805e-07                      0                      0                      0    1.3722565443519e-05       0.00026864954493    2.7802848146852e-05    0.00016988849120469    2.2836567419304e-06    6.4137645019446e-05    0.00061577660545886    5.0123206545738e-05                      0                      0                      0    2.9542739277133e-06    9.0895098633581e-05    1.8028637208456e-05    6.6083378420068e-05    4.4402685350775e-07    2.5516416987781e-05    4.9425612794529e-05    6.1880585988661e-06            984.8359375             15.1640625                      0           7.4892578125                      0                      0                      0                      0                      0                      0                      0                      0                      0          86.5810546875           0.0009765625        982588.64697266        854.51318359375
                      0                     26                   2048                   1000     0.0018544161025371    2.0954005857554e-05    7.1758883303907e-05                      0    0.00033757683691915      0.001282549662601    3.9067019045547e-05    2.2546378910082e-05    3.0301278326039e-05    3.5582259276801e-05    2.4159467701956e-06    5.1258090825179e-06    4.1337893108562e-09    4.2802890805049e-06    3.5047351687467e-08    3.7638180128141e-08    6.1896481273749e-08                      0   -6.3061220676452e-06   -3.5195721677539e-05    7.4405756667062e-08    3.5081042959462e-08    5.8982424722132e-08     2.316357461396e-08    3.2183594900204e-08     1.855471332135e-10    1.9531043449206e-11    1.5037842571175e-07                      0                      0                      0    1.8876245604371e-05    0.00026880492919545    4.2614773428706e-05    0.00020275540235204    2.3321821260858e-06    7.5282121593911e-05     0.0005894197509666    7.1807075685992e-05                      0                      0                      0    7.7268930582797e-06     0.0001154520732447    2.4006934083332e-05    9.2758227048684e-05    5.0254150485429e-07    3.2161966808886e-05    4.5759272452095e-05    1.3032355476561e-05         981.7666015625          18.2333984375                      0          8.93994140625                      0          0.26904296875          0.08447265625                      0                      0          0.00732421875            0.001953125                      0                      0        106.18408203125           0.0146484375        980465.53173828        1593.1201171875
                      0                   26.5                   2048                   1000     0.0022305278852546    2.8432506840037e-05    7.9333940444126e-05                      0    0.00045103942724145     0.0014979016933561    4.1607960932666e-05    2.1235244626716e-05    4.7074827155047e-05    4.1424911136012e-05    5.5455708016794e-06     3.771563964694e-06    7.5288086875958e-09    8.6546054638426e-06    3.5432623501919e-08    3.9361820025618e-08    5.6835934181265e-08                      0   -6.6341211120147e-06   -5.4308047833906e-05    7.0842306243435e-08    3.5642074180942e-08    6.3515606107956e-08    2.3735827081595e-08    4.8382840844852e-08    2.3974600082965e-10     3.417932603611e-11       1.6068017894e-07                      0                      0                      0    3.1524061033572e-05    0.00032584604099917    5.4876993163422e-05    0.00027711352442017     3.355246595671e-06    7.6519976568878e-05    0.00061832629247416    0.00011052193405847                      0                      0                      0    1.3471397455334e-05    0.00019271978271895    2.5638068860356e-05    0.00012191009081652    5.2472705247553e-07    3.1919022465132e-05    4.9440644527277e-05    1.3705790046448e-05        982.74951171875         17.25048828125                      0          8.47998046875                      0           0.1533203125            0.041015625                      0                      0          0.00341796875           0.0009765625                      0                      0          96.7138671875            0.013671875        969429.60791016        5047.2446289062
                      0                     27                   2048                   1000     0.0027782941503744     6.035130176052e-05    8.6405769995856e-05                      0     0.0005029759453099     0.0019062310659432    7.7997053216539e-05    4.8776331550648e-05    3.7497523438734e-05    3.9208920413536e-05    4.0278310433628e-06    3.0382021485309e-06     3.825195271645e-09     9.464780786228e-06    3.5246083385232e-08    3.8877934205317e-08    4.8133331542743e-08                      0   -9.1928491414706e-06   -8.9484413539953e-05    5.6763196809584e-08    2.2369141605694e-07    6.0450189742767e-08     3.508543899855e-08    3.2799794436045e-08    2.3486279587814e-10    1.9531043449206e-11    9.8932611880542e-08                      0                      0                      0    4.2453675284548e-05    0.00052514219922362    8.5442544925485e-05    0.00038396810106489    3.1824877981812e-06    8.6173612801943e-05    0.00064497053513968    0.00018172643652115                      0                      0                      0     1.662093799748e-05    0.00020402166161526     2.621162647598e-05    0.00016891538428654    4.6705909095834e-07    2.6262036622704e-05    4.2891008302792e-05    1.8828290050621e-05        984.31884765625         15.68115234375                      0           7.7255859375                      0          0.46240234375          0.15087890625                      0                      0              0.0078125          0.00244140625                      0                      0         85.72509765625             0.01953125        967154.51171875         5058.107421875
                      0                   27.5                   2048                   1000     0.0026441140517544    4.6398872070696e-05    8.9227780276868e-05                      0    0.00044288010986637     0.0018261136948388    7.3268105962754e-05    5.6878353029699e-05     5.280940869401e-05    3.4398764650057e-05    5.4113686571711e-06    5.6483457031575e-06    3.7670897512498e-09    9.1479194375133e-06    3.5832987688167e-08    3.7248515827315e-08    7.2017587449125e-08                      0   -5.7683779171036e-06    -7.371365771025e-05    5.5679679533682e-08    3.5305660173179e-08    6.9041011130366e-08    2.2411133393518e-08    3.1917982479257e-08    1.2695311468747e-10    1.4648282586904e-11    9.6085938317003e-08                      0                      0                      0    3.3529459948944e-05    0.00055061409373147    4.3076103035666e-05    0.00034961532471156    3.2670771576981e-06    8.1620495604895e-05    0.00062235250000819    0.00014898731007085                      0                      0                      0    1.7148708507442e-05    0.00016807670019414    3.1076356435289e-05     0.0001405099736318    4.7595556473823e-07     1.917680370811e-05    5.1691961912681e-05    1.1985097653877e-05          983.345703125           16.654296875                      0           8.1982421875                      0           0.5615234375          0.19580078125                      0                      0           0.0185546875            0.005859375                      0                      0         92.15283203125            0.013671875        958277.34912109          6806.62890625
