                my_rank                   Time                N_steps             N_real_loc            Total                  PP_single              PP_cluster             PP_cross               Tree_NB                Tree_Force             Force_corr             Kick                   FindCluster            CreateGroup            MPI_comm               Output                 Status                 Other              Bar_Total              Bar_PP_single          Bar_PP_cluster         Bar_PP_cross           Bar_Tree_NB            Bar_Tree_Force         Bar_Force_corr         Bar_Kick               Bar_FindCluster        Bar_CreateGroup        Bar_MPI_comm           Bar_Output             Bar_Status             Bar_Other                  Sample_ptcl            Domain_deco            Ex_ptcl                SetRootCell            Make_LT                Make_LET               Make_GT                Make_Group             Make_I_list            Calc_force             Write_back             Sample_ptcl            Domain_deco            Ex_ptcl                SetRootCell            Make_LT                Make_LET               Make_GT                Make_Group             Make_I_list            Calc_force             Write_back             PP_single              PP_cluster             PP_cross               Cluster                Cross                  AR_step_sum            AR_tsyn_sum            Stab_Ngroup            Iso_Ngroup             Form_Ngroup            End_Ngroup             Modf_Ngroup            Merg_Ngroup            H4_step_sum            H4_no_NB               Ep-Ep_sum              Ep-Sp_sum  
                      0                      1                     64                     16     0.0020208479836583    2.8996728360653e-06     0.0017600615974516                      0    4.1237100958824e-05     0.0001103951362893    5.0273141823709e-05    3.1845411285758e-06    2.5970628485084e-05      1.81874493137e-05    5.3772237151861e-07    3.3621909096837e-06    1.1990778148174e-08    1.4289980754256e-06    4.3073669075966e-08    5.7858414947987e-08    4.8661604523659e-08                      0   -4.3655745685101e-07   -1.0011717677116e-06     1.140870153904e-07    6.1700120568275e-08    5.5995769798756e-08    8.3819031715393e-08    4.5401975512505e-08    1.5133991837502e-09    9.3132257461548e-10    1.0861549526453e-07                      0                      0                      0    3.2470561563969e-06    3.0437135137618e-05    2.1849642507732e-05     2.989440690726e-05    7.4121635407209e-07     3.787106834352e-06     1.322734169662e-05    3.8995640352368e-06                      0                      0                      0    9.6810981631279e-07    9.3193957582116e-06    1.3296725228429e-05    1.1925236321986e-05    7.8929588198662e-08    1.4691613614559e-06    2.4508917704225e-06    1.2407545000315e-06                      0                     16                      0                      1                      0             223.765625              77.234375                   0.25                      0               0.890625               0.046875               0.046875                      0             282.453125                 0.5625                 400.25                      0
                      0                      2                     64                     16     0.0021338125225157    3.1087547540665e-06     0.0018110281089321                      0    5.0992937758565e-05    0.00011845049448311    6.5330066718161e-05    2.9237708076835e-06    3.1310832127929e-05    1.6575213521719e-05    6.3609331846237e-07    3.2550888136029e-06    2.1769665181637e-08    1.3820827007294e-06    3.8533471524715e-08    5.8789737522602e-08    4.3655745685101e-08                      0   -5.0477683544159e-07    -8.259667083621e-07    1.0081566870213e-07    6.0186721384525e-08    6.8685039877892e-08    3.3061951398849e-08    5.4249539971352e-08    2.2118911147118e-09    1.0477378964424e-09    1.1129304766655e-07                      0                      0                      0    3.4886179491878e-06    3.6133220419288e-05    2.2205989807844e-05    3.2769981771708e-05    7.4214767664671e-07    4.5011984184384e-06    1.2505566701293e-05    3.2705720514059e-06                      0                      0                      0    1.2833625078201e-06    1.1408934369683e-05    1.6644480638206e-05    1.4838762581348e-05    2.7846544981003e-07    1.7452985048294e-06    2.9471702873707e-06    1.4554243534803e-06                0.28125               15.71875                      0                      1                      0                228.375                     74                      1                      0               0.453125               0.046875                0.40625                      0             192.859375               0.359375                    784                      0
                      0                      3                     64                     16     0.0024751027813181     3.222725354135e-06     0.0021957698045298                      0    4.4124433770776e-05    0.00012087938375771    5.4198084399104e-05    3.0158553272486e-06     2.104532904923e-05     1.586542930454e-05    5.2119139581919e-07    2.3620668798685e-06    1.3271346688271e-08    1.8303981050849e-06    4.0978193283081e-08    5.6461431086063e-08    4.4470652937889e-08                      0   -2.5646295398474e-07   -8.7916851043701e-07    9.8720192909241e-08    5.8906152844429e-08    1.8824357539415e-07    2.5494955480099e-08     4.330649971962e-08    1.5133991837502e-09    8.1490725278854e-10    1.1222437024117e-07                      0                      0                      0    2.7617206797004e-06    3.4975470043719e-05     2.044893335551e-05    3.2771262340248e-05    7.0349778980017e-07    5.0717499107122e-06    1.5385216102004e-05    3.2857060432434e-06                      0                      0                      0    1.2647360563278e-06    1.0167364962399e-05    1.5366822481155e-05    1.1584721505642e-05    8.6496584117413e-08    1.6181729733944e-06    2.7369242161512e-06    9.8836608231068e-07                  2.625                 13.375                      0                      1                      0             393.328125             124.328125                      1                      0               0.234375                0.03125               0.109375                      0               244.4375               1.046875                    784                      0
                      0                      4                     64                     16      0.002675160067156    3.2162060961127e-06     0.0024102727184072                      0    4.0946062654257e-05    0.00012709794100374    4.5909429900348e-05    3.1287781894207e-06     1.829513348639e-05    1.4242366887629e-05    5.2677933126688e-07    2.1493760868907e-06    1.1990778148174e-08    1.3441313058138e-06    3.9930455386639e-08    5.8207660913467e-08    4.1211023926735e-08                      0   -3.0663795769215e-07   -1.2598466128111e-06    1.0326039046049e-07    6.1583705246449e-08    5.8440491557121e-08     2.770684659481e-08    4.5867636799812e-08    1.5133991837502e-09    8.1490725278854e-10    2.0978040993214e-07                      0                      0                      0    9.1862166300416e-06    4.0788319893181e-05    2.0845327526331e-05    3.5636010579765e-05    7.0012174546719e-07    5.1100505515933e-06    1.2963428162038e-05    3.9373990148306e-06                      0                      0                      0    9.6228905022144e-07    9.0103130787611e-06    1.3857381418347e-05    1.1419644579291e-05    8.3004124462605e-08    1.4232937246561e-06    2.4799956008792e-06    1.0223593562841e-06               4.578125              11.421875                      0                      1                      0             473.109375             147.234375                      1                      0               0.328125                0.03125               0.203125                      0              290.46875                0.40625                    784                      0
                      0                      5                     64                     16       0.29389762785286    3.1971139833331e-06       0.29360794951208                      0    5.4416945204139e-05    0.00013795006088912     4.142802208662e-05    3.2612588256598e-06     1.651921775192e-05    1.6495236195624e-05    7.2759576141834e-07    2.9782531782985e-06     1.443549990654e-08    1.5686964616179e-06    4.7730281949043e-08    5.7974830269814e-08    7.1828253567219e-08                      0   -3.8417056202888e-07   -1.0652001947165e-06    1.0838266462088e-07    6.8452209234238e-08    1.0989606380463e-07    3.6321580410004e-08    6.4726918935776e-08    2.7939677238464e-09    1.0477378964424e-09    1.1816155165434e-07                      0                      0                      0    3.6540441215038e-06    4.3025007471442e-05    2.2946856915951e-05    4.0457816794515e-05    9.5169525593519e-07    6.3563929870725e-06    1.2879143469036e-05    3.5876873880625e-06                      0                      0                      0     1.339940354228e-06    1.3267737813294e-05    1.6429694369435e-05    1.5680096112192e-05    1.2223608791828e-07    1.9032740965486e-06    3.4369295462966e-06    1.2832460924983e-06               5.296875              10.703125                      0                      1                      0           55928.921875              67.609375                0.96875                      0               0.515625               0.046875                0.40625                      0              135.84375                   0.75                  767.5                      0
                      0                      6                     64                     16    0.00059158354997635    3.1866366043687e-06    0.00034511019475758                      0    4.1428953409195e-05    0.00012613274157047    2.5478075258434e-05    3.0454248189926e-06    9.8367454484105e-06    1.2478907592595e-05    7.1257818490267e-07    2.5442568585277e-06    1.2223608791828e-08    1.3731187209487e-06    6.4610503613949e-08    6.3679181039333e-08    6.1583705246449e-08                      0   -3.6705750972033e-07   -1.2144446372986e-06    1.0151416063309e-07     6.530899554491e-08    7.3225237429142e-08    3.2247044146061e-08    6.3097104430199e-08    1.9790604710579e-09    9.3132257461548e-10    1.2677628546953e-07                      0                      0                      0     2.856831997633e-06    3.9249076507986e-05    1.9997940398753e-05    3.7294696085155e-05    7.3655974119902e-07    5.1811803132296e-06    1.2149335816503e-05    3.9597507566214e-06                      0                      0                      0    1.2555392459035e-06    1.1421856470406e-05    1.1380878277123e-05    1.1672964319587e-05    8.5565261542797e-08    1.5255063772202e-06    2.5146873667836e-06    1.1507654562593e-06                 6.1875                 9.8125                      0               1.328125                      0              65.703125              19.953125                      1                      0                  0.125               0.015625                      0                      0               54.09375                1.71875                    784                      0
                      0                      7                     64                     16    0.00048134196549654    3.2583484426141e-06    0.00025707250460982                      0    4.2224884964526e-05    0.00012476253323257    1.7595360986888e-05    3.0215596780181e-06    8.3373161032796e-06    1.1874595656991e-05    7.2084367275238e-07    2.5179469957948e-06    1.3504177331924e-08    1.4277175068855e-06    6.8568624556065e-08    6.5658241510391e-08    6.3097104430199e-08                      0   -3.7893187254667e-07   -1.2237578630447e-06    1.0104849934578e-07    6.5658241510391e-08    7.2410330176353e-08    3.3178366720676e-08    6.5774656832218e-08    1.9790604710579e-09    1.0477378964424e-09    1.2945383787155e-07                      0                      0                      0    2.8229551389813e-06    3.8968631997705e-05    1.9723665900528e-05    3.7178164348006e-05     7.313210517168e-07    4.9354275688529e-06    1.2151198461652e-05    3.9231963455677e-06                      0                      0                      0    1.2931413948536e-06     1.178786624223e-05    1.1064694263041e-05    1.2301607057452e-05    8.2305632531643e-08    1.5549594536424e-06    2.5483313947916e-06    1.1865049600601e-06                8.65625                7.34375                      0               1.390625                      0                56.0625               17.21875                      1                      0               0.109375                0.03125                      0                      0              29.984375                  0.375                    784                      0
                      0                      8                     64                     16    0.00038078054785728    3.2854732125998e-06    0.00016963295638561                      0    4.1521503590047e-05    0.00011712696868926    1.4612101949751e-05    3.1949020922184e-06    7.0171663537621e-06    1.1176685802639e-05     7.161870598793e-07    2.5162007659674e-06    1.5366822481155e-08    1.3492535799742e-06    6.9034285843372e-08    6.3097104430199e-08    6.3679181039333e-08                      0   -3.7194695323706e-07      -1.2336531654e-06    1.0174699127674e-07    6.6123902797699e-08    7.2293914854527e-08     3.341119736433e-08    6.6007487475872e-08    1.9790604710579e-09    1.0477378964424e-09    1.2933742254972e-07                      0                      0                      0    2.7270289137959e-06    3.5580131225288e-05    1.9416329450905e-05    3.4343567676842e-05    8.3993654698133e-07    4.3002655729651e-06    1.1803931556642e-05    3.9319274947047e-06                      0                      0                      0    1.6501871868968e-06    1.1771684512496e-05    1.0611140169203e-05    1.2204749509692e-05    8.2887709140778e-08    1.5307450667024e-06    2.4933833628893e-06    1.1599622666836e-06                     10                      6                      0               1.046875                      0               38.96875              11.203125                      1                      0                      0                      0                      0                      0              22.578125                      0                    784                      0
                      0                      9                     64                     16    0.00040433567482978    3.2985117286444e-06    0.00020855769980699                      0    3.9825681596994e-05    0.00011013855691999    9.7036827355623e-06    2.8533395379782e-06    6.5573258325458e-06    1.1321739293635e-05    6.8696681410074e-07    2.1465821191669e-06    1.3853423297405e-08    1.2803357094526e-06    6.8335793912411e-08    6.1467289924622e-08    6.1118043959141e-08                      0   -3.4761615097523e-07   -1.1376105248928e-06    9.4878487288952e-08    6.2864273786545e-08    7.2061084210873e-08    3.1315721571445e-08    6.2864273786545e-08     1.746229827404e-09    8.1490725278854e-10    1.2398231774569e-07                      0                      0                      0    2.6351772248745e-06    3.3074524253607e-05    1.8387800082564e-05     3.238650970161e-05    6.8824738264084e-07    4.1408929973841e-06     1.116213388741e-05    3.6807032302022e-06                      0                      0                      0    1.5755649656057e-06    1.1349562555552e-05    1.0051997378469e-05    1.1731521226466e-05    8.1839971244335e-08     1.483247615397e-06    2.3756874725223e-06    1.1008232831955e-06                     10                      6                      0                      2                      0               45.71875              14.171875                      1                      0                      0                      0                      0                      0               33.78125                      0                    784                      0
                      0                     10                     64                     16    0.00079826265573502    3.4758122637868e-06    0.00060515967197716                      0    3.7065823562443e-05    0.00010787916835397    1.0708230547607e-05    2.9396032914519e-06    6.1691971495748e-06    1.2328266166151e-05    5.8079604059458e-07    2.5178305804729e-06    1.6181729733944e-08     1.127365976572e-06    5.2386894822121e-08    5.6461431086063e-08    4.9825757741928e-08                      0   -5.5704731494188e-07   -1.2762611731887e-06    8.7311491370201e-08    5.9488229453564e-08    6.2631443142891e-08    2.9685907065868e-08    5.4482370615005e-08    2.3283064365387e-09    9.3132257461548e-10     1.115258783102e-07                      0                      0                      0    3.2667303457856e-06    3.2396288588643e-05    1.7929240129888e-05    3.0613271519542e-05    6.3970219343901e-07    3.8211001083255e-06    1.1259224265814e-05    3.8548605516553e-06                      0                      0                      0    1.0436633601785e-06    9.6282456070185e-06    1.0368647053838e-05     1.066830009222e-05    8.1374309957027e-08    1.3124663382769e-06     2.220505848527e-06    1.4763791114092e-06               9.328125               6.671875                      0                      2                      0             186.515625              48.328125                      1                      0               0.078125                0.03125               0.046875                      0              67.921875                      0                    784                      0
