                my_rank                   Time                N_steps             N_real_loc            Total                  PP_single              PP_cluster             PP_cross               Tree_NB                Tree_Force             Force_corr             Kick                   FindCluster            CreateGroup            MPI_comm               Output                 Status                 Other              Bar_Total              Bar_PP_single          Bar_PP_cluster         Bar_PP_cross           Bar_Tree_NB            Bar_Tree_Force         Bar_Force_corr         Bar_Kick               Bar_FindCluster        Bar_CreateGroup        Bar_MPI_comm           Bar_Output             Bar_Status             Bar_Other                  Sample_ptcl            Domain_deco            Ex_ptcl                SetRootCell            Make_LT                Make_LET               Make_GT                Make_Group             Make_I_list            Calc_force             Write_back             Sample_ptcl            Domain_deco            Ex_ptcl                SetRootCell            Make_LT                Make_LET               Make_GT                Make_Group             Make_I_list            Calc_force             Write_back             PP_single              PP_cluster             PP_cross               Cluster                Cross                  AR_step_sum            AR_tsyn_sum            Stab_Ngroup            Iso_Ngroup             Form_Ngroup            End_Ngroup             Modf_Ngroup            Merg_Ngroup            H4_step_sum            H4_no_NB               Ep-Ep_sum              Ep-Sp_sum  
                      0                    0.5                   4096                   1000     0.0024798690666548    3.2980730950705e-05    8.0284751212023e-05                      0     0.0005018088054336     0.0016768056726009     4.494310350589e-05    3.0583886214686e-05    6.5435764871946e-05    3.4071233155242e-05     2.540828849984e-06    2.2352624511335e-06    1.7170411759082e-09    6.5362416998838e-06    3.8787582035127e-08    4.2124984833691e-08    4.8385262463313e-08                      0   -1.0492324210798e-05   -6.4918396516234e-05    5.9091311843673e-08    3.7173558453674e-08    4.8278574471539e-08    2.9932377909603e-08    4.0191183270366e-08     6.835909616143e-11    7.3239192488472e-12    8.8979039247761e-08                      0                      0                      0    3.3948779555981e-05    0.00036921728831985    4.7551317615468e-05    0.00027564079516962    4.4994929160325e-06    7.3969741201108e-05    0.00075967898022888    0.00013189915552436                      0                      0                      0    1.3690666522237e-05    0.00016771115137226    2.6069111081384e-05    0.00015767435597125    6.9528979107503e-07    2.7977474347018e-05    8.5913939469773e-05    2.1475943117188e-05         981.4423828125          18.5576171875                      0               9.109375                      0         0.309814453125         0.104736328125                      0                      0          0.01220703125         0.003173828125                      0                      0         88.19873046875         0.015380859375        923810.24975586        11240.417236328
                      0                      1                   4096                   1000     0.0033948445529748    4.1782912091115e-05    9.7657667724071e-05                      0    0.00065596514624167     0.0023392392377986    7.6717818368266e-05    3.6533062262478e-05    6.1959918479459e-05    6.3041750003823e-05    4.0956865188235e-06    2.4811257324231e-06    2.0571291337035e-09    1.3061281257887e-05    4.0467039053027e-08    4.2882836837066e-08    5.0510474469689e-08                      0   -9.2959692188366e-06    -0.0001029867084803    6.3256577753634e-08    4.9628409382052e-08    1.1521411646953e-07     2.738086291032e-08    3.3114011088742e-08    1.4672840720209e-10    7.3243633380571e-12    1.2817185535141e-07                      0                      0                      0    5.2896555387871e-05    0.00050952378246061    5.2584484134144e-05    0.00043344977759618    4.8461637929265e-06    0.00012367284349368     0.0009582642399959    0.00020822556713984                      0                      0                      0     2.622042039846e-05    0.00025300965160291    3.6461589113745e-05    0.00019364983032411    8.8864794989263e-07     2.202401684448e-05    7.1515140856349e-05    1.9135773423162e-05          982.513671875           17.486328125                      0         8.562744140625                      0           0.1669921875         0.059326171875                      0                      0          0.00732421875         0.001708984375                      0                      0           85.189453125         0.010498046875        901303.48144531        16587.089111328
                      0                    1.5                   4096                   1000     0.0024369714240704    4.4010567386454e-05      7.80841486967e-05                      0    0.00041800948975546     0.0017188949951206    4.8483517586018e-05    3.3601962380558e-05    3.7120159664727e-05    4.0756367678529e-05    4.0131208507432e-06    3.0233276366864e-06    3.9382324068526e-09    8.0551526058237e-06    6.8314685908177e-08    4.1147946383546e-08    4.8135523567083e-08                      0   -7.8579509250609e-06   -6.0180117444464e-05    5.8157460181008e-08    3.6268795522432e-08    4.9825916725865e-08    2.4183331781558e-08    3.2467291521954e-08    1.0742162714905e-10    2.9541258328436e-11    1.1081177975214e-07                      0                      0                      0     3.306640695655e-05    0.00031057561131087    4.2698349361547e-05    0.00024389376392309    3.7665595580272e-06     8.336045141677e-05    0.00082793822437299    0.00012249916919815                      0                      0                      0    1.9993067605029e-05    0.00013016075292693    2.1370207285543e-05    0.00010666470777343    7.9426441290664e-07      1.98299912193e-05     7.059705394763e-05    1.6215642825834e-05         982.7119140625          17.2880859375                      0         8.372314453125                      0         0.276123046875           0.0830078125                      0                      0         0.003662109375           0.0009765625                      0                      0         83.38623046875         0.007568359375        907977.99609375          14245.5703125
                      0                      2                   4096                   1000     0.0024641345952072    2.3844094234615e-05    7.4974597172428e-05                      0    0.00045704962108895     0.0017515909191839    4.4546194818196e-05    2.1080809334162e-05    3.9784528808706e-05    3.6596106694819e-05    2.3619064837277e-06    2.6145954592494e-06    1.6877441666452e-09    7.9833088446613e-06    4.4783929897818e-08    9.0603508251519e-08    4.9485827435802e-08                      0   -9.0211216021707e-06   -5.4117156527145e-05    6.3639888470135e-08    3.6286144755593e-08    4.2824205515046e-08     3.065232512256e-08    6.4909170927052e-08    8.5693674378717e-11    7.3239192488472e-12    1.3992089087367e-07                      0                      0                      0    3.3792486827444e-05    0.00029846656884258     4.156828565316e-05    0.00024623486207842    3.4391347796259e-06    8.0470449226322e-05     0.0008702882788012    0.00011062001392048                      0                      0                      0    1.9607772213437e-05    0.00013581540576846    4.3413846183782e-05     0.0001179356501444    7.8129588709785e-07    1.8184647945674e-05    6.4406426277142e-05    1.8520859141891e-05         980.8505859375          19.1494140625                      0         9.398193359375                      0            0.330078125         0.116943359375                      0                      0         0.014404296875          0.00439453125                      0                      0         91.27001953125              0.0234375        896104.55297852        16235.856201172
                      0                    2.5                   4096                   1000     0.0025571212783406     2.906729344776e-05    8.3059553732667e-05                      0    0.00042583893579806     0.0018624281020454    4.9511854218753e-05    1.8827499006946e-05     3.800623169159e-05    3.7808954600038e-05    1.9305026555116e-06    2.7559843749358e-06    1.5507812811677e-09    5.9533649703347e-06    3.7508546046894e-08    3.8748531938637e-08    8.5010001260599e-08                      0   -6.0409589819344e-06   -6.3230410633164e-05     5.571436911822e-08    3.4953353100775e-08    4.3859342380159e-08    2.3180163566394e-08    3.2122545068347e-08    2.0825208224551e-10    7.3243633380571e-12    1.2506223123765e-07                      0                      0                      0    5.5267851317264e-05    0.00034868531738041    3.6043748255832e-05    0.00025277706350435    3.5702045835251e-06    8.7875151858263e-05    0.00089876446680792    0.00012841875681957                      0                      0                      0    2.2417487522297e-05    0.00014082363575119    2.0865391355152e-05    0.00010658634691518    7.9726879320674e-07    1.6613822989342e-05    6.1856430439988e-05    1.2592464359695e-05        980.81860351562        19.181396484375                      0          9.43505859375                      0             0.19921875          0.06884765625                      0                      0           0.0068359375         0.001708984375                      0                      0        95.683349609375         0.011474609375        892382.98217773        17308.530029297
                      0                      3                   4096                   1000      0.003327509835191    4.0463029074012e-05    8.0647829844072e-05                      0    0.00057495708447997     0.0023793058432626    7.7783000736353e-05    3.9549485844059e-05    6.7989326902218e-05    4.7681431151858e-05    4.9410002342931e-06    2.5395727534239e-06    2.4777833118605e-09    9.9070114849553e-06    5.6318829599888e-08    4.0472407647485e-08    4.4470707116773e-08                      0   -1.0649435038701e-05   -9.5883783202577e-05     6.600295288095e-08    4.8556647147535e-08    4.6883542825782e-08    2.3502185975133e-08    3.3227316897921e-08    1.0253931037596e-10    1.4648282586904e-11    1.6198634522624e-07                      0                      0                      0    8.9585162832861e-05    0.00054256542381159    4.4862757827779e-05    0.00033962594261805    4.6674834157656e-06    0.00010411394556575     0.0010141344777868    0.00019390773805172                      0                      0                      0    5.2485611095054e-05    0.00020912545922336    2.7319467283959e-05    0.00014889878906477    8.2580614479966e-07     2.011534253743e-05    5.5127158193891e-05    2.1796507565508e-05        982.32006835938        17.679931640625                      0         8.602294921875                      0          0.49072265625          0.17626953125                      0                      0         0.030517578125         0.006103515625                      0                      0            86.59765625          0.04638671875        888269.06103516        18481.543212891
                      0                    3.5                   4096                   1000     0.0029163138906148    3.4804029777291e-05    7.7361470934179e-05                      0    0.00054025762303933     0.0020678977951665    5.8584926038829e-05    3.1416266125905e-05    4.5227047105634e-05    4.3488724846608e-05    2.7206076520514e-06    2.1422563478701e-06    1.7807617602728e-09    1.0055414321641e-05    3.8838623428461e-08    4.5687015504114e-08    4.6936293074396e-08                      0   -1.2050684780274e-05   -6.7163603767018e-05    5.9811743557958e-08    3.6981704365502e-08    5.3454573656353e-08    2.4727778047406e-08     3.260449688014e-08    1.4428724881554e-10    7.3243633380571e-12    1.2703440699369e-07                      0                      0                      0    8.3157106420817e-05    0.00044954853146573    4.3646692135191e-05    0.00030747318604973    4.4888864705328e-06    8.2893661611294e-05     0.0008784886027966    0.00013646859767302                      0                      0                      0    5.0316651140747e-05    0.00017139479784634    2.3033480209822e-05    0.00013790074682873    7.3960155377861e-07    2.2811687245383e-05    7.6112312996202e-05    2.4663691137405e-05        981.84130859375         18.15869140625                      0         8.849365234375                      0         0.491943359375          0.17529296875                      0                      0         0.029541015625           0.0068359375                      0                      0        88.920166015625         0.039794921875        885926.33276367        18497.767578125
                      0                      4                   4096                   1000     0.0022348063779121    2.1952670659076e-05     6.909161401536e-05                      0    0.00042567218116707     0.0015844075959701    3.2431005619227e-05    1.8238430694151e-05    3.4409864978713e-05    3.7594105957606e-05    2.6192658615365e-06    2.2524826657211e-06    1.7856445211351e-09     4.423393044295e-06    3.7437285715924e-08    3.9735111645456e-08    5.1647212284678e-08                      0   -6.6534824147979e-06    -4.123096552977e-05    5.8175060324572e-08    3.6085940013919e-08    4.3798566995434e-08    2.4014656929694e-08    3.2313015374541e-08    1.2719736375288e-10    7.3243633380571e-12    1.1933451116164e-07                      0                      0                      0    3.0882989721981e-05    0.00028878251222286    3.6175194571886e-05    0.00022864072731554    3.5320605347167e-06    6.5249408438994e-05    0.00076556095825886    8.4551878645645e-05                      0                      0                      0    1.8014602302774e-05    0.00014558273558318    1.9270371578006e-05    9.6084367177784e-05    7.1326440842512e-07    1.6628366703131e-05    7.4106391116047e-05    1.3854234138577e-05        981.93334960938        18.066650390625                      0         8.840576171875                      0         0.317626953125          0.12060546875                      0                      0         0.021240234375            0.005859375                      0                      0         89.59716796875         0.030029296875        893230.19067383        17231.116455078
                      0                    4.5                   4096                   1000     0.0019150828210468    2.1104682609074e-05    7.0653179198299e-05                      0    0.00033962743310179     0.0013822865280648    2.5347514667651e-05    1.3948141360576e-05    2.6560783922935e-05    2.7043239495317e-05     1.092684327908e-06    2.4634077147034e-06    2.7690432169436e-09    2.9848720672909e-06    3.8283448855481e-08     3.983567919974e-08    4.7672127578835e-08                      0   -4.1226838556341e-06   -3.1622345715743e-05    5.5458970305011e-08    3.5321295221991e-08    4.3443859176762e-08     2.321484871004e-08    3.1968740099586e-08    1.7358425807856e-10    9.7655217246029e-12     1.366701565253e-07                      0                      0                      0    2.0532888919345e-05    0.00023738814134022    3.0083568352435e-05    0.00019628443725317    3.3381843285163e-06    5.8875944088932e-05    0.00071834252467573    6.5298739034603e-05                      0                      0                      0    7.5567512043406e-06    0.00010556309376231    1.6719459952519e-05     8.582703736737e-05    8.2098071274572e-07    1.3668423816782e-05    7.1328098154577e-05    8.7302617211016e-06        980.97436523438        19.025634765625                      0         9.257080078125                      0          0.40478515625          0.13623046875                      0                      0         0.010498046875           0.0029296875                      0                      0         93.80712890625          0.02099609375        897491.51831055        15245.713134766
                      0                      5                   4096                   1000      0.002083961413327    3.0421634770406e-05    7.1792656976655e-05                      0    0.00037968542918643     0.0014711551623723    3.1624170156341e-05    2.3239104981698e-05    3.2137026610091e-05    3.1935863503474e-05    2.8570934973438e-06    1.8980231932808e-06    2.2697750345912e-09    5.5635361357886e-06    3.7644514172541e-08    4.0690426583723e-08     4.487303906231e-08                      0   -4.8662356348927e-06   -3.5155587865265e-05    6.4282734246746e-08    4.1618175128377e-08    4.1515145543514e-08    2.1728752575001e-08    3.2613278744265e-08     1.323243736806e-10    2.4414248400717e-11    1.1041210123963e-07                      0                      0                      0    2.3494794177292e-05    0.00027015369386296    3.4171510243652e-05    0.00021379752734996    3.4825798311822e-06    5.9184401665746e-05    0.00072356434860232    7.2260442383509e-05                      0                      0                      0    1.5086886948179e-05    0.00012568507568966    1.9536876717741e-05    9.1296701411725e-05    6.5351611944209e-07    1.6994911363533e-05    6.4945994877608e-05    1.0218510755333e-05        981.30541992188        18.694580078125                      0         9.096435546875                      0         0.212158203125           0.0771484375                      0                      0          0.00927734375           0.0029296875                      0                      0         90.15673828125         0.017333984375         899530.4074707        13981.416992188
                      0                    5.5                   4096                   1000     0.0019435668610805    2.1895307854347e-05    6.9263045881396e-05                      0    0.00034235753173029     0.0014018326528533    2.2566157694914e-05    1.5320117424888e-05    2.6982894775429e-05    3.2968858641791e-05    1.7968950198899e-06    2.8690041502522e-06    2.0888668572638e-09    4.0722863787757e-06    3.7033201394365e-08    3.9014883324029e-08    4.4396248455314e-08                      0   -3.8683198155809e-06   -3.1402399168989e-05    6.3003915862225e-08    4.2793464771762e-08    4.6245861806682e-08    2.1294438656838e-08    3.7963384436068e-08    7.3729911065357e-11    9.7655217246029e-12    1.2206150179495e-07                      0                      0                      0    2.1387963878183e-05    0.00024382759495856    3.2055033936995e-05    0.00020117365625616    4.3987448852256e-06     6.458151563038e-05    0.00070318267750125    6.4968872313553e-05                      0                      0                      0    1.4285444332796e-05    0.00010595116332235    1.7947126232709e-05    9.3571143069848e-05    6.4261302945567e-07    1.6650064685653e-05    5.4323295651137e-05    8.1741074122732e-06        983.88696289062        16.113037109375                      0         7.884521484375                      0            0.279296875         0.105712890625                      0                      0          0.00927734375         0.002197265625                      0                      0           82.470703125         0.014404296875         897846.1809082        14281.663574219
                      0                      6                   4096                   1000     0.0014822714787659    1.7849198229225e-05    5.9668750956199e-05                      0    0.00027725596558437     0.0010461710646892    1.8269144805849e-05    1.1545907247612e-05    2.0109392812717e-05    2.3248216551863e-05    1.2356562200111e-06    2.0136821290428e-06     2.020263512037e-09    3.3395529981384e-06    3.6175783257875e-08    3.7577375877618e-08    4.2417715118148e-08                      0   -3.4743471779564e-06   -1.7755132646347e-05    5.2358872792979e-08    3.3757339146234e-08    3.9966073561715e-08    2.0543446055399e-08    3.2109640724087e-08    2.1777335490469e-10    7.3243633380571e-12    8.6203103322191e-08                      0                      0                      0    1.4557912099811e-05    0.00020095327978709    2.6787459477706e-05    0.00016038739135116    3.0010581055784e-06    5.5616527816493e-05    0.00050800365942871    3.7032770551448e-05                      0                      0                      0    7.7214804732328e-06    0.00010048764721438    1.5590499025109e-05    7.1745514643951e-05    5.6990038865834e-07    1.6490485596599e-05    4.5712425295719e-05    7.3412380414695e-06        983.38916015625         16.61083984375                      0           8.0146484375                      0           0.3134765625         0.112548828125                      0                      0          0.01220703125         0.002685546875                      0                      0         84.81201171875          0.02490234375        908302.07910156        11006.585449219
                      0                    6.5                   4096                   1000     0.0013011663369076     2.245063280526e-05    5.7546874999481e-05                      0    0.00023789215941772    0.00090664377268856    1.2458352762312e-05    1.5806293947929e-05    2.0248329609451e-05    1.8932434822982e-05     1.765254410202e-06    2.3355334470843e-06    1.7661134776858e-09    3.5352622238527e-06    3.8100834931498e-08    5.7277826481794e-08    4.4304695023811e-08                      0   -2.4396310993602e-06   -1.3123983900076e-05    5.0713152344173e-08     3.343139676204e-08    4.0905990150719e-08    2.0982190207519e-08    3.2461184851229e-08    1.2231460289058e-10    9.7655217246029e-12    7.2479239499046e-08                      0                      0                      0    8.3229819081154e-06    0.00019982049315503    2.6900045415168e-05    0.00015387341577888     3.257151609759e-06    5.6613367455327e-05    0.00039389400144652    2.7822122796284e-05                      0                      0                      0    4.9609943855167e-06     8.547461620978e-05     1.399239257438e-05    6.5869305652111e-05    5.5727832037888e-07    1.5576105227399e-05    3.7999103513542e-05    5.2924848619185e-06         985.3291015625          14.6708984375                      0         7.172607421875                      0           0.1455078125              0.0546875                      0                      0         0.007568359375          0.00244140625                      0                      0           71.083984375              0.0078125        905815.16381836        12064.585449219
                      0                      7                   4096                   1000     0.0011500773100632     1.375308301288e-05     5.198629591785e-05                      0     0.0002183328576657    0.00081129506690392    6.9719367425947e-06     5.395958750043e-06    1.8241728263035e-05    1.6817562737081e-05     9.720090132781e-07    2.0881767577308e-06    2.4118653740857e-09    2.6431278965511e-06    3.8330093765637e-08    3.7786139550633e-08    4.9679680813597e-08                      0   -2.1979013671292e-06   -8.7637287577991e-06    5.8288061932643e-08    4.7583969209342e-08    4.0442649673622e-08    2.0814205026198e-08    3.2070560429531e-08     1.613771338782e-10    7.3243633380571e-12    7.1847413796178e-08                      0                      0                      0     7.033747086993e-06    0.00017948203319929    2.3965429202022e-05    0.00014552576634896     2.888553217506e-06    5.6438445067641e-05    0.00034114657788287    1.8991502459542e-05                      0                      0                      0    3.5789335908198e-06    7.8116497312486e-05    1.3267865225153e-05    6.0576812012325e-05     5.228400956625e-07    1.5844619135841e-05    3.2436702396499e-05    4.7741477011698e-06        984.90063476562        15.099365234375                      0         7.370361328125                      0              0.2265625         0.075439453125                      0                      0         0.010498046875         0.003173828125                      0                      0        77.016845703125          0.01513671875        908350.59228516        11701.639648438
                      0                    7.5                   4096                   1000     0.0010449602026306    1.3056758071617e-05    5.2874839596484e-05                      0    0.00019333964063595    0.00073137478466645    6.8545571152434e-06    6.2977658679131e-06    1.8922109608521e-05    1.5347351566497e-05    8.7676926829872e-07    2.2017026366505e-06    1.4260255198906e-09    2.4582897819592e-06    3.5430651301738e-08    6.1072512824722e-08    4.0674553059006e-08                      0   -1.7986870006759e-06   -6.3949741289093e-06    4.9250730604911e-08    3.2650170567194e-08    3.8125480550377e-08    1.9230964820593e-08     3.141701387932e-08     6.835954025064e-11    9.7655217246029e-12    6.7600097963805e-08                      0                      0                      0      6.40322118306e-06    0.00015981635911322    2.1182764647687e-05    0.00012964371678637    2.6418310397069e-06    5.3421832040712e-05    0.00030683490940664    1.4090605957584e-05                      0                      0                      0    4.6079989970416e-06    7.1122855459738e-05    1.1547980467874e-05    5.4135104487596e-05     5.242297382857e-07    1.4749602295527e-05    2.5055069589275e-05    3.9272077589914e-06        980.75903320312        19.240966796875                      0         9.248291015625                      0           0.3056640625         0.109130859375                      0                      0         0.009033203125         0.002197265625                      0                      0         97.33837890625          0.02294921875        917832.49267578        9103.4494628906
                      0                      8                   4096                   1000    0.00097841838477031    1.1072509276122e-05    4.6759911590755e-05                      0    0.00018001747461938      0.000690657552751    1.0611266342053e-05    4.5066972571561e-06     1.475344774704e-05    1.4038661617644e-05    8.3643407666756e-07    1.7491325681185e-06     1.646240477271e-09    2.1376366925452e-06    4.1317634646987e-08    3.5192378344817e-08    4.0019304314853e-08                      0   -1.7001191068289e-06   -8.4728320102201e-06    6.0467765461425e-08    3.2113532721922e-08    3.6707523243251e-08    1.8719227057318e-08    3.1133528644034e-08    7.0800698637186e-11    7.3239192488472e-12    6.6604976645124e-08                      0                      0                      0     1.136009159719e-05    0.00015843426023876    1.9805152312369e-05     0.0001194822736732    2.3656670298244e-06    5.2498572505222e-05    0.00027762364209183     1.817687230643e-05                      0                      0                      0    2.3446962709173e-06    6.5636135260227e-05    1.0873617188434e-05    5.0410399657252e-05    4.9099291565824e-07    1.5642160162255e-05     2.104227172639e-05    3.7170656472796e-06        983.59912109375         16.40087890625                      0            7.986328125                      0         0.168212890625           0.0634765625                      0                      0         0.005615234375         0.002197265625                      0                      0          81.8251953125               0.015625        920309.91699219        7926.1799316406
                      0                    8.5                   4096                   1000    0.00090899316773063    1.0507933107196e-05    4.5145263185997e-05                      0    0.00017233983862797     0.0006382174565478    5.0169682483947e-06    4.6441738330572e-06    1.4073333753029e-05    1.3269619383305e-05    7.8304296780018e-07    1.6611750486284e-06    1.7487788994686e-09     2.078128179317e-06    3.9914812344222e-08    3.4750957667029e-08    3.8743632302385e-08                      0   -1.5567983369102e-06    -5.127489222545e-06    4.8596163981784e-08    4.1225584723747e-08    3.6530519498257e-08    1.8675038404581e-08    3.1402597411301e-08    7.8613116016868e-11    7.3243633380571e-12    6.5918226432871e-08                      0                      0                      0    4.5434470177241e-06    0.00014285306322925    1.9052860345425e-05    0.00011332683787213    1.9829916850789e-06    5.0019879911822e-05    0.00025741092429143    1.1397854007722e-05                      0                      0                      0    2.4974457959459e-06    6.3551332772693e-05    1.0265667984566e-05    4.8442318844266e-05    4.5369996160005e-07    1.6251420165148e-05    1.8191828124792e-05    3.4029099120758e-06        982.91137695312        17.088623046875                      0             8.33203125                      0         0.255126953125         0.083740234375                      0                      0         0.008544921875            0.001953125                      0                      0         84.70458984375         0.011474609375        920289.86962891        6583.3972167969
                      0                      9                   4096                   1000    0.00090491104639678    1.0358794169107e-05    4.3992397449788e-05                      0    0.00016958653100207    0.00063810781151385    5.0587890645382e-06     4.379447503311e-06    1.3894708748907e-05    1.3200691407977e-05     8.608618480288e-07    2.2011423341795e-06    1.6533201474545e-09    2.0441054688902e-06     3.416259986011e-08    3.5032717615735e-08    3.8160400617215e-08                      0    -1.562659193155e-06   -4.9343000476654e-06    5.2798325267389e-08    3.2129646054813e-08    3.5754152083456e-08    1.8915783162043e-08      3.15151615915e-08    8.5693230289507e-11    7.3239192488472e-12    6.6701649092948e-08                      0                      0                      0     4.718284690064e-06    0.00014300969750947    1.8976975108664e-05    0.00011204861011604    1.9907563628685e-06    4.9576854753486e-05    0.00025852829713546    1.1022810786354e-05                      0                      0                      0    2.2251669857809e-06    6.2208823976118e-05    1.0137595936932e-05    4.8024246334322e-05    4.3499511903633e-07    1.6104351819646e-05    1.7112624513427e-05     3.424955327791e-06        984.09838867188        15.901611328125                      0          7.68115234375                      0          0.17041015625         0.054443359375                      0                      0         0.007080078125         0.002197265625                      0                      0             80.5546875             0.01953125        917482.68139648        6596.1882324219
                      0                    9.5                   4096                   1000    0.00091889414501667    1.0679796861091e-05    4.4656387954145e-05                      0    0.00017205386010311    0.00064896007739357    5.1462617434161e-06    4.1332902709357e-06    1.3951596688599e-05    1.3634253907657e-05    7.9930051954946e-07    1.3695593263918e-06     2.507324570189e-09    2.1261262186378e-06    3.4365011725157e-08     3.468628406722e-08    3.9177719735051e-08                      0   -1.5834443458651e-06   -5.8536760181305e-06    4.8073453218223e-08    3.1844262338154e-08    4.4148927180743e-08    1.8251226308053e-08      3.10903276457e-08    1.6137668978899e-10    9.7655217246029e-12    7.0027353249458e-08                      0                      0                      0     4.859993885109e-06    0.00014405892675162    1.9049292706796e-05    0.00011181355714296    2.0910586067124e-06    4.7986304466896e-05    0.00026982839232081    1.2872404524078e-05                      0                      0                      0     2.280501476104e-06    6.3780273201086e-05     1.038479613813e-05    4.7775999513444e-05    4.4594946224663e-07    1.4937944591953e-05    1.9168297117123e-05    3.4564084474553e-06        983.65087890625         16.34912109375                      0            7.880859375                      0          0.24267578125         0.089599609375                      0                      0           0.0107421875         0.003173828125                      0                      0           81.978515625          0.02197265625        911203.09521484        8048.6687011719
                      0                     10                   4096                   1000    0.00095469813476834    1.0747709710213e-05    4.6989935306829e-05                      0    0.00017513566722593    0.00067749993287736    5.4595046483641e-06    4.3119506742961e-06    1.4934400151212e-05    1.3554046378594e-05     8.965302686903e-07    1.6129191893199e-06    1.9567871767379e-09    2.2839169719902e-06    3.4479268773424e-08    3.4907472912238e-08    4.3585454356787e-08                      0   -1.5699890241194e-06   -5.9847306665972e-06    5.2258034344277e-08    3.2075688771727e-08    3.6796614200085e-08    1.8283446756584e-08    3.0967287845129e-08    1.7114309969202e-10    9.7655217246029e-12     6.650928163765e-08                      0                      0                      0    4.7093457249403e-06    0.00014295887378957    2.7895132556299e-05    0.00011687623927292    2.0317868600905e-06    4.6620155276678e-05    0.00028539887792345    1.3168987778034e-05                      0                      0                      0    2.5025581038562e-06    6.3984716050847e-05    1.0981863781456e-05    4.8406238287058e-05    4.7858105611809e-07    1.3923917963954e-05    2.1813138671778e-05    3.4367690471271e-06        982.32763671875         17.67236328125                      0         8.601318359375                      0         0.244384765625          0.08154296875                      0                      0           0.0126953125          0.00341796875                      0                      0         88.20263671875             0.01953125        908257.12475586        9632.6457519531
                      0                   10.5                   4096                   1000    0.00095204251292902    1.0222756326783e-05    4.5751073721956e-05                      0    0.00017422944091106    0.00067849238724449    5.3056826354592e-06    4.1084792412605e-06     1.444465282141e-05      1.32242080082e-05    8.7041747365291e-07    1.9720187989236e-06     2.081542938015e-09    2.1588579350862e-06    3.3912845864847e-08    3.4082015432091e-08    4.2407227951458e-08                      0   -1.6019209008178e-06    -5.471001903512e-06    4.8103787175791e-08    3.1687258150725e-08    3.6115744617149e-08    1.8323492945171e-08    3.5348617810627e-08    7.5683459499487e-11    7.3243633380571e-12    6.5901863077755e-08                      0                      0                      0    5.2481660186565e-06    0.00014492265065069    1.9091311528996e-05    0.00011602006642963    2.0907221958133e-06    4.5467886213846e-05    0.00029735532863606    1.2170864965633e-05                      0                      0                      0    2.7764587215984e-06    6.3257209956813e-05    1.0548796869791e-05    4.8249533697309e-05    4.6380736984375e-07    1.2789099852473e-05    2.2919154058165e-05    3.5274494569748e-06        983.33154296875         16.66845703125                      0         8.040771484375                      0          0.34521484375         0.121826171875                      0                      0         0.011962890625           0.0029296875                      0                      0        84.354248046875            0.029296875        898089.16845703        12237.738037109
                      0                     11                   4096                   1000     0.0008579512724296    8.8486701579349e-06    4.2140949457092e-05                      0     0.0001561919641162    0.00061255007153349    4.4990559064928e-06    4.0579345848002e-06    1.2565361805716e-05    1.1759552010826e-05    7.5706934987707e-07    1.5845695795491e-06    2.0180661586267e-09    1.8039941398484e-06    3.1849377357673e-08    3.2698487473226e-08    3.5048827395912e-08                      0   -1.4254838887062e-06    -4.785531787288e-06    4.6479242676867e-08    3.1128188915375e-08    3.3856200065685e-08     1.713941699677e-08    3.0220463465014e-08     1.079105693691e-10    9.7655217246029e-12    6.4011031142286e-08                      0                      0                      0    4.1130392962607e-06    0.00013091137085475    1.7141231682949e-05    0.00010279890893017    1.7892258297181e-06    4.0914762944322e-05     0.0002677875077941    1.0538695595308e-05                      0                      0                      0    1.9588308233232e-06    5.7442645257755e-05    9.4441772438003e-06    4.3582066905579e-05    4.0832348835451e-07    1.0718662843079e-05    1.9537483400001e-05     3.115822263311e-06         983.0380859375          16.9619140625                      0             8.15234375                      0              0.1171875           0.0380859375                      0                      0         0.006103515625            0.001953125                      0                      0        85.781005859375         0.029052734375        898586.91308594        11760.541503906
                      0                   11.5                   4096                   1000      0.000850466776114    8.2838474178004e-06    4.1061975835532e-05                      0     0.0001519008505837    0.00061307863773985    4.2986762665009e-06     3.599733404247e-06    1.1818808595354e-05    1.1726705081649e-05    7.2653832061675e-07    1.2173369143831e-06    1.8713381955138e-09    1.6232831834273e-06     4.464941216753e-08    3.2121592052903e-08    3.3335449955985e-08                      0   -1.3414389883337e-06   -4.3784921333057e-06    4.5906975110199e-08    3.0261739336623e-08    3.2221425527723e-08    1.6365975241683e-08    2.9978245663642e-08    8.0810913516416e-11    7.3243633380571e-12     6.576198785524e-08                      0                      0                      0    4.2722802908735e-06    0.00012517413549507    1.6206695059751e-05    9.9421196287253e-05    1.6742267998637e-06    3.8869779293016e-05    0.00027620486742563    9.6201315900046e-06                      0                      0                      0     1.937294187293e-06    5.4941408444087e-05    8.7021162031853e-06     4.217851000643e-05    3.9045409438998e-07    9.3168947765676e-06    1.8621517089201e-05    2.9081789607588e-06        982.46313476562        17.536865234375                      0         8.436767578125                      0         0.519287109375          0.16748046875                      0                      0         0.012939453125          0.00341796875                      0                      0         93.19580078125           0.0205078125        885586.97119141        12811.315673828
                      0                     12                   4096                   1000     0.0011759005593102    1.0829639168541e-05    4.9974205318826e-05                      0    0.00019560478075675    0.00087162589598844    5.5575129351837e-06    4.2346982449537e-06    1.4364653801113e-05      1.75872832191e-05    7.4880101985642e-07    1.8547185058893e-06    1.4650880508782e-09    2.0710752166586e-06     3.285254956964e-08    3.3856190739812e-08    3.5923577890173e-08                      0   -1.7261022779991e-06   -5.7813864775547e-06     4.694479960321e-08    3.1164784086712e-08    3.4537619875152e-08    1.7957507925104e-08    3.4893545830528e-08    1.6870060903784e-10    7.3243633380571e-12    1.0170922593034e-07                      0                      0                      0    5.0029672862273e-06    0.00013610284862464    1.9315858390545e-05    0.00012001443680809    1.9697167976673e-06    4.0865571532489e-05    0.00045702795020297    1.2772632572489e-05                      0                      0                      0    2.3914050317764e-06    5.9448236817694e-05    1.0641224598817e-05    5.4623273676668e-05    5.1647410703737e-07     1.000522290262e-05    2.4085237069205e-05    3.7276052125002e-06        980.88647460938        19.113525390625                      0         9.204833984375                      0            0.509765625          0.17333984375                      0                      0         0.015380859375         0.004150390625                      0                      0        100.04345703125          0.04150390625        879740.69799805        12888.487304688
